# Simulation 1 (Up to date)					
# 2083 data points written for 6 variables.					
# Simulation warnings:					
#   Body calculations may not be entirely accurate at supersonic speeds.					
#   Recovery device deployment at high speed (58.1 m/s).					
#					
# Time (s)	Altitude (m)	Vertical velocity (m/s)	Lateral distance (m)	Lateral direction (°)	Lateral velocity (m/s)
# Event LAUNCH occurred at t=0 seconds					
# Event IGNITION occurred at t=0 seconds					
0	0	0	0	0	0
0.01	0	0	0	0	0
0.02	0	0	0	0	0
0.03	0	0	0	0	0
0.04	0	0	0	0	0
0.05	0	0	0	0	0
0.06	0	0	0	0	0
0.07	0	0	0	0	0
0.08	0	0	0	0	0
0.09	0	0	0	0	0
0.1	0	0	0	0	0
0.11	0	0	0	0	0
0.12	0	0	0	0	0
0.13	0	0	0	0	0
0.14	1.94E-04	0.038891	0	0	0
0.15	9.74E-04	0.11693	0	0	0
0.16	0.0027287	0.23412	0	0	0
0.17	0.0058516	0.39047	0	0	0
0.18	0.010734	0.58598	0	0	0
0.19	0.017767	0.82068	0	0	0
# Event LIFTOFF occurred at t=0.2 seconds					
0.2	0.027343	1.0945	0	0	0
0.21	0.039846	1.4061	0	0	0
0.22	0.055645	1.7537	0	0	0
0.23	0.075102	2.1376	0	0	0
0.24	0.098577	2.5576	0	0	0
0.25	0.12643	3.0138	0	0	0
0.26	0.15903	3.5062	0	0	0
0.27	0.19674	4.0349	0	0	0
0.28	0.23991	4.5998	0	0	0
0.29	0.28892	5.201	0	0	0
0.3	0.34411	5.8385	0	0	0
0.31	0.40578	6.4958	0	0	0
0.32	0.47405	7.1566	0	0	0
0.33	0.54893	7.8207	0	0	0
0.34	0.63048	8.4883	0	0	0
0.35	0.71871	9.1593	0	0	0
0.36	0.81368	9.8337	0	0	0
0.37	0.9154	10.511	0	0	0
# Event LAUNCHROD occurred at t=0.37951 seconds					
0.37951	1.0185	11.16	0	0	0
0.39378	1.1847	12.137	6.92E-06	-180	9.81E-04
0.41519	1.4603	13.614	4.45E-05	-180	0.0025368
0.4473	1.9331	15.836	1.64E-04	-180	0.0048734
0.49546	2.7764	19.185	4.84E-04	-180	0.0084707
0.54546	3.8231	22.682	0.0010039	-180	0.012304
0.59546	5.045	26.199	0.0017056	-180	0.015604
0.64546	6.4434	29.736	0.0025395	-180	0.017414
0.69546	8.0191	33.294	0.0034013	-180	0.016484
0.74546	9.7733	36.872	0.0041274	-180	0.011962
0.79546	11.707	40.47	0.0045233	-180	0.0029707
0.84546	13.821	44.088	0.0043275	-180	0.011777
0.89546	16.116	47.727	0.0032368	-180	0.033033
0.94546	18.594	51.386	8.93E-04	-179.99	0.062081
0.99546	21.255	55.064	0.0031343	-0.0021966	0.10086
1.0455	24.101	58.758	0.0093804	-1.71E-04	0.15079
1.0955	27.131	62.458	0.018395	3.64E-04	0.21165
1.1455	30.347	66.164	0.030742	5.76E-04	0.28433
1.1955	33.748	69.877	0.04705	6.67E-04	0.37027
1.2455	37.334	73.596	0.068017	7.09E-04	0.47108
1.2955	41.107	77.321	0.094419	7.48E-04	0.58746
1.3455	45.066	81.052	0.12702	8.04E-04	0.71932
1.3955	49.212	84.789	0.16661	8.75E-04	0.86677
1.4455	53.545	88.531	0.21394	9.56E-04	1.0287
1.4955	58.066	92.279	0.2697	0.0010461	1.2039
1.5455	62.773	96.032	0.33454	0.0011393	1.392
1.5955	67.669	99.791	0.40912	0.0012294	1.593
1.6455	72.753	103.56	0.49403	0.0013082	1.8053
1.6955	78.025	107.32	0.58983	0.001371	2.0279
1.7455	83.485	111.1	0.69694	0.0014199	2.2576
1.7955	89.135	114.88	0.81565	0.0014553	2.4915
1.8455	94.973	118.66	0.94611	0.0014802	2.7267
1.8955	101	122.46	1.0883	0.0014956	2.9588
1.9455	107.22	126.25	1.2419	0.0015001	3.1853
1.9955	113.63	130.05	1.4067	0.001494	3.4044
2.0455	120.22	133.86	1.5822	0.0014818	3.6133
2.0955	127.01	137.67	1.7678	0.0014682	3.8089
2.1455	133.99	141.49	1.9628	0.0014566	3.9906
2.1955	141.16	145.32	2.1666	0.0014482	4.1584
2.2455	148.52	149.15	2.3785	0.0014457	4.3149
2.2955	156.08	152.98	2.598	0.0014497	4.4636
2.3455	163.82	156.82	2.8247	0.0014594	4.6052
2.3955	171.76	160.66	3.0584	0.0014757	4.7427
2.4455	179.89	164.51	3.299	0.0015002	4.8803
2.4955	188.21	168.36	3.5466	0.0015326	5.0235
2.5455	196.72	172.21	3.8015	0.0015745	5.1787
2.5955	205.43	176.07	4.0647	0.001627	5.3489
2.6455	214.33	179.93	4.3367	0.0016911	5.5344
2.6955	223.42	183.79	4.6184	0.0017669	5.7337
2.7455	232.71	187.65	4.9102	0.0018555	5.9426
2.7955	242.19	191.52	5.2127	0.0019578	6.1589
2.8455	251.86	195.39	5.5263	0.0020741	6.3832
2.8955	261.73	199.27	5.8511	0.0022039	6.6099
2.9455	271.79	203.14	6.1871	0.0023486	6.831
2.9955	282.04	207.02	6.534	0.0025096	7.0428
3.0455	292.49	210.9	6.8912	0.0026873	7.2402
3.0955	303.13	214.79	7.2578	0.0028812	7.4201
3.1455	313.97	218.68	7.6329	0.0030867	7.5829
3.1955	325	222.57	8.0158	0.0032985	7.7323
3.2455	336.23	226.46	8.4061	0.0035071	7.8794
3.2955	347.65	230.35	8.8039	0.0037021	8.0334
3.3455	359.26	234.25	9.2097	0.0038743	8.2014
3.3955	371.07	238.14	9.6244	0.0040206	8.3902
3.4455	383.08	242.03	10.049	0.0041449	8.5987
3.4955	395.27	245.93	10.485	0.0042568	8.8224
3.5455	407.67	249.82	10.931	0.0043662	9.0516
3.5955	420.26	253.72	11.39	0.0044787	9.2763
3.6455	433.04	257.61	11.859	0.004599	9.4877
3.6955	446.02	261.51	12.338	0.004734	9.6749
3.7455	459.19	265.4	12.826	0.0048896	9.8341
3.7955	472.56	269.3	13.321	0.0050651	9.9839
3.8455	486.12	273.19	13.824	0.0052513	10.143
3.8955	499.88	277.08	14.336	0.005434	10.318
3.9455	513.83	280.97	14.857	0.005602	10.515
3.9955	527.97	284.86	15.388	0.0057497	10.727
4.0455	542.31	288.74	15.929	0.0058796	10.946
4.0955	556.85	292.63	16.482	0.0060004	11.165
4.1455	571.58	296.5	17.046	0.0061245	11.372
4.1955	586.5	300.38	17.619	0.0062634	11.561
4.2455	601.62	304.25	18.201	0.0064252	11.73
4.2955	616.92	308.12	18.792	0.0066104	11.894
4.3455	632.43	311.99	19.391	0.0068141	12.071
4.3955	648.12	315.85	20	0.0070244	12.274
4.4455	664.01	319.71	20.619	0.0072303	12.5
4.4955	680.09	323.57	21.25	0.0074247	12.731
4.5455	696.37	327.42	21.892	0.0076103	12.945
4.5955	712.84	331.27	22.544	0.0077954	13.134
4.6455	729.5	335.12	23.205	0.0079855	13.303
4.6955	746.35	338.96	23.874	0.0081816	13.472
4.7455	763.39	342.8	24.552	0.0083786	13.655
4.7955	780.63	346.63	25.24	0.0085724	13.86
4.8455	798.06	350.47	25.939	0.0087594	14.086
4.8955	815.67	354.3	26.649	0.0089416	14.309
4.9455	833.49	358.13	27.369	0.0091197	14.51
4.9955	851.49	361.97	28.099	0.0092939	14.69
5.0455	869.68	365.8	28.838	0.0094679	14.855
5.0955	888.07	369.64	29.585	0.0096484	15.029
5.1455	906.65	373.47	30.341	0.0098425	15.227
5.1955	925.42	377.31	31.108	0.010051	15.449
5.2455	944.38	381.14	31.886	0.010267	15.677
5.2955	963.53	384.98	32.675	0.010481	15.885
5.3455	982.87	388.81	33.474	0.010691	16.069
5.3955	1002.4	392.65	34.282	0.010899	16.238
5.4455	1022.1	396.49	35.098	0.011108	16.416
5.4955	1042.1	400.33	35.924	0.011324	16.623
5.5455	1062.2	404.16	36.761	0.011553	16.852
5.5955	1082.5	408	37.609	0.011792	17.075
5.6455	1103	411.84	38.468	0.012023	17.265
5.6955	1123.7	415.69	39.335	0.012237	17.428
5.7455	1144.5	419.53	40.211	0.012436	17.6
5.7955	1165.6	423.37	41.096	0.012641	17.81
5.8455	1186.9	427.21	41.992	0.012864	18.042
5.8955	1208.3	431.06	42.9	0.013094	18.263
5.9455	1230	434.9	43.818	0.013309	18.458
5.9955	1251.8	438.75	44.745	0.013507	18.64
6.0455	1273.9	442.6	45.682	0.013715	18.83
6.0955	1296.1	446.45	46.629	0.013948	19.031
6.1455	1318.5	450.3	47.585	0.014191	19.236
6.1955	1341.1	454.15	48.552	0.014415	19.444
6.2455	1363.9	458	49.53	0.014617	19.652
6.2955	1386.9	461.85	50.517	0.014817	19.852
6.3455	1410.1	465.71	51.515	0.015032	20.047
6.3955	1433.5	469.56	52.522	0.015252	20.245
6.4455	1457.1	473.42	53.539	0.015459	20.443
6.4955	1480.8	477.28	54.566	0.01565	20.645
6.5455	1504.8	481.14	55.604	0.015833	20.854
6.5955	1528.9	485	56.652	0.016022	21.053
6.6455	1553.3	488.87	57.709	0.016221	21.24
6.6955	1577.8	492.74	58.776	0.016423	21.428
6.7455	1602.6	496.61	59.852	0.016622	21.631
6.7955	1627.5	500.48	60.939	0.016824	21.842
6.8455	1652.6	504.36	62.036	0.017037	22.046
6.8955	1677.9	508.24	63.143	0.017255	22.244
6.9455	1703.4	512.12	64.261	0.017467	22.448
6.9955	1729.1	516	65.388	0.017667	22.655
7.0455	1755	519.89	66.526	0.017868	22.855
7.0955	1781.1	523.78	67.674	0.018084	23.049
7.1455	1807.4	527.67	68.831	0.018312	23.248
7.1955	1833.9	531.56	69.999	0.018533	23.454
7.2455	1860.6	535.46	71.176	0.018736	23.664
7.2955	1887.4	539.36	72.365	0.018939	23.872
7.3455	1914.5	543.27	73.564	0.019157	24.074
7.3955	1941.8	547.18	74.772	0.019387	24.275
7.4455	1969.2	551.09	75.991	0.019608	24.482
7.4955	1996.9	555.01	77.22	0.019809	24.689
7.5455	2024.7	558.93	78.46	0.019995	24.899
7.5955	2052.8	562.85	79.71	0.020183	25.106
7.6455	2081	566.78	80.971	0.020387	25.307
7.6955	2109.4	570.71	82.241	0.020609	25.516
7.7455	2138.1	574.65	83.522	0.020829	25.735
7.7955	2166.9	578.59	84.815	0.021029	25.953
7.8455	2195.9	582.54	86.118	0.021215	26.162
7.8955	2225.2	586.49	87.431	0.021408	26.364
7.9455	2254.6	590.45	88.754	0.021612	26.569
7.9955	2284.2	594.41	90.088	0.021821	26.792
8.0455	2314	598.37	91.433	0.022022	27.021
8.0955	2344	602.32	92.79	0.022212	27.241
8.1455	2374.3	606.27	94.157	0.022399	27.446
8.1955	2404.7	610.22	95.535	0.022586	27.649
8.2455	2435.3	614.15	96.922	0.022777	27.853
8.2955	2466.1	618.09	98.32	0.022968	28.065
8.3455	2497.1	622.01	99.729	0.023152	28.286
8.3955	2528.3	625.93	101.15	0.023322	28.498
8.4455	2559.7	629.85	102.58	0.023484	28.704
8.4955	2591.3	633.75	104.02	0.023651	28.916
8.5455	2623.1	637.66	105.47	0.023838	29.136
8.5955	2655	641.55	106.93	0.024039	29.352
8.6455	2687.2	645.45	108.41	0.02423	29.563
8.6955	2719.6	649.33	109.89	0.024405	29.771
8.7455	2752.1	653.21	111.38	0.02458	29.981
8.7955	2784.9	657.09	112.89	0.024766	30.197
8.8455	2817.9	660.96	114.4	0.024959	30.41
8.8955	2851	664.83	115.93	0.025155	30.621
8.9455	2884.3	668.69	117.46	0.025353	30.833
8.9955	2917.9	672.55	119.01	0.025556	31.046
9.0455	2951.6	676.36	120.57	0.025764	31.254
9.0955	2985.5	680.05	122.14	0.025969	31.453
9.1455	3019.6	683.12	123.71	0.026169	31.627
9.1955	3053.8	684.84	125.3	0.02637	31.736
9.2455	3088	685.14	126.89	0.026573	31.77
9.2955	3122.3	683.97	128.47	0.026776	31.734
9.3455	3156.4	681.93	130.06	0.026974	31.655
9.3955	3190.5	679.89	131.64	0.027168	31.574
9.4455	3224.4	677.87	133.21	0.027355	31.492
9.4955	3258.2	675.86	134.79	0.027539	31.413
# Event BURNOUT occurred at t=9.5455 seconds					
9.5455	3292	673.86	136.36	0.027718	31.334
9.5955	3325.6	671.87	137.92	0.027886	31.255
9.6455	3359.2	669.9	139.48	0.028046	31.18
9.6955	3392.6	667.93	141.04	0.028207	31.105
9.7455	3426	665.98	142.59	0.028375	31.024
9.7955	3459.2	664.03	144.14	0.028547	30.945
9.8455	3492.4	662.1	145.69	0.028721	30.874
9.8955	3525.4	660.18	147.23	0.028894	30.8
9.9455	3558.4	658.27	148.77	0.029062	30.717
9.9955	3591.2	656.36	150.3	0.029225	30.636
10.045	3624	654.47	151.83	0.029385	30.567
10.095	3656.7	652.59	153.36	0.029545	30.503
10.145	3689.3	650.72	154.88	0.029707	30.441
10.195	3721.8	648.86	156.4	0.02987	30.369
10.245	3754.2	647.01	157.92	0.03003	30.282
10.295	3786.5	645.17	159.43	0.030185	30.195
10.345	3818.7	643.34	160.94	0.030337	30.128
10.395	3850.8	641.51	162.44	0.03049	30.079
10.445	3882.8	639.7	163.95	0.030648	30.027
10.495	3914.8	637.9	165.44	0.030813	29.951
10.545	3946.6	636.1	166.94	0.030977	29.86
10.595	3978.4	634.32	168.43	0.031136	29.779
10.645	4010.1	632.55	169.92	0.031291	29.715
10.695	4041.6	630.78	171.4	0.031448	29.662
10.745	4073.1	629.02	172.88	0.031609	29.607
10.795	4104.5	627.27	174.36	0.031773	29.536
10.845	4135.9	625.54	175.84	0.031931	29.462
10.895	4167.1	623.8	177.31	0.032084	29.393
10.945	4198.2	622.08	178.78	0.032232	29.33
10.995	4229.3	620.37	180.24	0.032381	29.268
11.045	4260.3	618.66	181.7	0.032532	29.2
11.095	4291.2	616.97	183.16	0.032681	29.134
11.145	4322	615.28	184.62	0.032827	29.075
11.195	4352.7	613.6	186.07	0.032973	29.011
11.245	4383.3	611.93	187.52	0.033122	28.944
11.295	4413.9	610.27	188.96	0.033274	28.882
11.345	4444.4	608.61	190.41	0.033424	28.826
11.395	4474.8	606.96	191.85	0.033571	28.766
11.445	4505.1	605.33	193.28	0.033714	28.698
11.495	4535.3	603.7	194.72	0.033858	28.633
11.545	4565.4	602.07	196.15	0.034005	28.576
11.595	4595.5	600.46	197.57	0.034155	28.523
11.645	4625.5	598.85	199	0.034307	28.462
11.695	4655.4	597.25	200.42	0.034457	28.394
11.745	4685.2	595.66	201.84	0.034603	28.331
11.795	4714.9	594.07	203.25	0.034745	28.273
11.845	4744.6	592.49	204.67	0.034885	28.219
11.895	4774.2	590.92	206.08	0.035028	28.166
11.945	4803.7	589.36	207.48	0.035177	28.11
11.995	4833.1	587.81	208.89	0.035327	28.047
12.045	4862.5	586.26	210.29	0.035475	27.982
12.095	4891.8	584.72	211.68	0.035617	27.921
12.145	4921	583.18	213.08	0.035758	27.87
12.195	4950.1	581.66	214.47	0.0359	27.821
12.245	4979.1	580.14	215.86	0.036046	27.768
12.295	5008.1	578.62	217.25	0.036195	27.71
12.345	5037	577.12	218.63	0.036343	27.652
12.395	5065.8	575.62	220.01	0.036487	27.594
12.445	5094.5	574.12	221.39	0.036628	27.54
12.495	5123.2	572.64	222.77	0.036769	27.488
12.545	5151.8	571.16	224.14	0.036914	27.435
12.595	5180.3	569.68	225.51	0.037064	27.381
12.645	5208.8	568.22	226.88	0.037216	27.326
12.695	5237.2	566.76	228.24	0.037366	27.274
12.745	5265.5	565.3	229.61	0.037512	27.225
12.795	5293.7	563.86	230.97	0.037659	27.17
12.845	5321.8	562.42	232.32	0.037807	27.111
12.895	5349.9	560.98	233.68	0.037957	27.056
12.945	5377.9	559.55	235.03	0.038108	27.007
12.995	5405.9	558.13	236.38	0.038257	26.959
13.045	5433.7	556.71	237.72	0.038404	26.911
13.095	5461.5	555.3	239.07	0.038549	26.866
13.145	5489.3	553.9	240.41	0.038693	26.82
13.195	5516.9	552.5	241.75	0.038836	26.772
13.245	5544.5	551.11	243.09	0.038979	26.72
13.295	5572.1	549.72	244.42	0.039124	26.663
13.345	5599.5	548.34	245.75	0.03927	26.605
13.395	5626.9	546.97	247.08	0.039415	26.549
13.445	5654.2	545.6	248.41	0.039558	26.501
13.495	5681.4	544.24	249.73	0.039698	26.462
13.545	5708.6	542.88	251.06	0.039838	26.429
13.595	5735.7	541.52	252.38	0.039979	26.384
13.645	5762.8	540.18	253.69	0.040123	26.325
13.695	5789.8	538.84	255.01	0.040269	26.266
13.745	5816.7	537.5	256.32	0.040415	26.219
13.795	5843.5	536.17	257.63	0.040556	26.183
13.845	5870.3	534.84	258.94	0.040694	26.151
13.895	5897	533.52	260.25	0.040831	26.111
13.945	5923.6	532.21	261.55	0.04097	26.051
13.995	5950.2	530.9	262.85	0.041111	25.983
14.045	5976.7	529.6	264.15	0.041255	25.93
14.095	6003.2	528.3	265.44	0.041397	25.898
14.145	6029.5	527.01	266.74	0.041536	25.875
14.195	6055.9	525.72	268.03	0.041671	25.838
14.245	6082.1	524.43	269.32	0.041806	25.781
14.295	6108.3	523.16	270.61	0.041944	25.716
14.345	6134.4	521.88	271.89	0.042085	25.661
14.395	6160.5	520.61	273.18	0.042228	25.627
14.445	6186.5	519.35	274.46	0.042368	25.604
14.495	6212.4	518.09	275.74	0.042506	25.572
14.545	6238.3	516.84	277.01	0.042643	25.522
14.595	6264.1	515.59	278.29	0.042781	25.461
14.645	6289.9	514.34	279.56	0.042922	25.404
14.695	6315.6	513.1	280.83	0.043064	25.366
14.745	6341.2	511.87	282.1	0.043204	25.338
14.795	6366.7	510.64	283.36	0.043342	25.307
14.845	6392.2	509.41	284.63	0.043477	25.266
14.895	6417.7	508.19	285.89	0.043612	25.215
14.945	6443.1	506.97	287.15	0.04375	25.16
14.995	6468.4	505.76	288.41	0.04389	25.113
15.045	6493.6	504.55	289.66	0.044031	25.08
15.095	6518.8	503.35	290.91	0.044169	25.048
15.145	6544	502.15	292.16	0.044306	25.009
15.195	6569	500.96	293.41	0.044441	24.963
15.245	6594.1	499.77	294.66	0.044577	24.915
15.295	6619	498.58	295.91	0.044715	24.872
15.345	6643.9	497.4	297.15	0.044854	24.838
15.395	6668.8	496.22	298.39	0.044992	24.806
15.445	6693.5	495.05	299.63	0.045128	24.767
15.495	6718.3	493.88	300.87	0.045264	24.723
15.545	6742.9	492.72	302.1	0.045399	24.679
15.595	6767.5	491.56	303.33	0.045535	24.638
15.645	6792.1	490.4	304.57	0.045672	24.601
15.695	6816.6	489.25	305.79	0.04581	24.564
15.745	6841	488.1	307.02	0.045947	24.527
15.795	6865.4	486.96	308.25	0.046083	24.491
15.845	6889.7	485.82	309.47	0.046219	24.451
15.895	6914	484.68	310.69	0.046355	24.408
15.945	6938.2	483.55	311.91	0.046491	24.368
15.995	6962.3	482.42	313.13	0.046628	24.335
16.045	6986.4	481.3	314.34	0.046766	24.303
16.095	7010.5	480.18	315.56	0.046904	24.268
16.145	7034.4	479.07	316.77	0.04704	24.229
16.195	7058.4	477.95	317.98	0.047174	24.189
16.245	7082.2	476.85	319.19	0.047307	24.146
16.295	7106.1	475.74	320.4	0.047442	24.107
16.345	7129.8	474.64	321.6	0.047578	24.075
16.395	7153.5	473.54	322.8	0.047714	24.046
16.445	7177.2	472.45	324.01	0.047849	24.014
16.495	7200.8	471.36	325.21	0.047984	23.974
16.545	7224.3	470.27	326.4	0.048117	23.93
16.595	7247.8	469.19	327.6	0.048251	23.888
16.645	7271.2	468.11	328.79	0.048385	23.853
16.695	7294.6	467.04	329.98	0.04852	23.827
16.745	7317.9	465.96	331.17	0.048656	23.804
16.795	7341.2	464.89	332.36	0.048791	23.774
16.845	7364.4	463.83	333.55	0.048926	23.738
16.895	7387.6	462.77	334.74	0.049059	23.693
16.945	7410.7	461.71	335.92	0.049193	23.648
16.995	7433.8	460.66	337.1	0.049327	23.611
17.045	7456.8	459.61	338.28	0.049461	23.585
17.095	7479.7	458.56	339.46	0.049596	23.565
17.145	7502.6	457.51	340.64	0.04973	23.536
17.195	7525.5	456.47	341.82	0.049864	23.495
17.245	7548.3	455.44	342.99	0.049997	23.45
17.295	7571	454.4	344.16	0.050131	23.41
17.345	7593.7	453.37	345.33	0.050266	23.379
17.395	7616.3	452.34	346.5	0.050401	23.352
17.445	7638.9	451.32	347.67	0.050536	23.329
17.495	7661.5	450.29	348.83	0.050671	23.304
17.545	7684	449.27	350	0.050806	23.275
17.595	7706.4	448.26	351.16	0.05094	23.239
17.645	7728.8	447.25	352.32	0.051075	23.194
17.695	7751.1	446.24	353.48	0.05121	23.15
17.745	7773.4	445.23	354.63	0.051347	23.114
17.795	7795.7	444.23	355.79	0.051484	23.09
17.845	7817.8	443.23	356.94	0.051621	23.076
17.895	7840	442.23	358.1	0.051756	23.062
17.945	7862.1	441.23	359.25	0.05189	23.035
17.995	7884.1	440.24	360.4	0.052023	22.993
18.045	7906.1	439.26	361.55	0.052158	22.942
18.095	7928	438.27	362.69	0.052293	22.894
18.145	7949.9	437.29	363.84	0.052429	22.862
18.195	7971.8	436.31	364.98	0.052564	22.847
18.245	7993.5	435.33	366.12	0.052697	22.837
18.295	8015.3	434.36	367.26	0.05283	22.816
18.345	8037	433.39	368.4	0.052962	22.782
18.395	8058.6	432.42	369.54	0.053095	22.738
18.445	8080.2	431.46	370.68	0.053227	22.694
18.495	8101.8	430.49	371.81	0.05336	22.661
18.545	8123.3	429.53	372.94	0.053493	22.638
18.595	8144.7	428.57	374.08	0.053626	22.622
18.645	8166.1	427.62	375.21	0.053758	22.608
18.695	8187.5	426.67	376.34	0.053891	22.582
18.745	8208.8	425.72	377.46	0.054023	22.539
18.795	8230.1	424.78	378.59	0.054155	22.49
18.845	8251.3	423.83	379.71	0.054288	22.451
18.895	8272.4	422.89	380.84	0.054421	22.428
18.945	8293.6	421.95	381.96	0.054555	22.417
18.995	8314.6	421.02	383.08	0.054688	22.41
19.045	8335.7	420.08	384.2	0.05482	22.391
19.095	8356.6	419.15	385.32	0.054953	22.358
19.145	8377.6	418.23	386.43	0.055085	22.31
19.195	8398.5	417.3	387.55	0.055217	22.257
19.245	8419.3	416.38	388.66	0.055349	22.221
19.295	8440.1	415.46	389.77	0.05548	22.206
19.345	8460.9	414.54	390.88	0.055611	22.201
19.395	8481.6	413.63	391.99	0.055742	22.193
19.445	8502.2	412.72	393.1	0.055873	22.173
19.495	8522.8	411.81	394.21	0.056004	22.14
19.545	8543.4	410.9	395.31	0.056135	22.095
19.595	8563.9	410	396.42	0.056267	22.052
19.645	8584.4	409.1	397.52	0.056399	22.02
19.695	8604.8	408.2	398.62	0.05653	21.997
19.745	8625.2	407.3	399.72	0.05666	21.982
19.795	8645.6	406.4	400.82	0.05679	21.968
19.845	8665.9	405.51	401.91	0.056921	21.949
19.895	8686.1	404.62	403.01	0.057051	21.924
19.945	8706.3	403.73	404.11	0.057182	21.892
19.995	8726.5	402.85	405.2	0.057313	21.857
20.045	8746.6	401.97	406.29	0.057444	21.825
20.095	8766.7	401.08	407.38	0.057575	21.797
20.145	8786.7	400.21	408.47	0.057705	21.773
20.195	8806.7	399.33	409.56	0.057835	21.753
20.245	8826.6	398.45	410.65	0.057965	21.736
20.295	8846.5	397.58	411.73	0.058095	21.718
20.345	8866.4	396.71	412.82	0.058226	21.694
20.395	8886.2	395.85	413.9	0.058357	21.665
20.445	8906	394.98	414.99	0.058488	21.634
20.495	8925.7	394.12	416.07	0.058619	21.604
20.545	8945.4	393.26	417.15	0.058749	21.578
20.595	8965	392.4	418.22	0.058879	21.558
20.645	8984.6	391.54	419.3	0.059009	21.539
20.695	9004.2	390.69	420.38	0.059139	21.52
20.745	9023.7	389.83	421.45	0.05927	21.498
20.795	9043.2	388.98	422.53	0.059402	21.471
20.845	9062.6	388.14	423.6	0.059533	21.443
20.895	9082	387.29	424.67	0.059664	21.417
20.945	9101.3	386.45	425.74	0.059794	21.392
20.995	9120.6	385.6	426.81	0.059923	21.368
21.045	9139.9	384.76	427.88	0.060052	21.346
21.095	9159.1	383.92	428.95	0.060182	21.329
21.145	9178.3	383.09	430.01	0.060312	21.311
21.195	9197.4	382.25	431.08	0.060442	21.289
21.245	9216.5	381.42	432.14	0.060573	21.261
21.295	9235.6	380.59	433.2	0.060704	21.231
21.345	9254.6	379.76	434.26	0.060834	21.203
21.395	9273.5	378.94	435.32	0.060964	21.18
21.445	9292.5	378.11	436.38	0.061093	21.163
21.495	9311.4	377.29	437.44	0.061222	21.149
21.545	9330.2	376.47	438.5	0.061351	21.134
21.595	9349	375.65	439.55	0.061481	21.111
21.645	9367.8	374.83	440.61	0.061611	21.084
21.695	9386.5	374.02	441.66	0.061742	21.052
21.745	9405.2	373.21	442.71	0.061872	21.022
21.795	9423.8	372.39	443.76	0.062002	20.996
21.845	9442.4	371.58	444.81	0.062131	20.978
21.895	9461	370.78	445.86	0.06226	20.966
21.945	9479.5	369.97	446.91	0.062389	20.956
21.995	9498	369.17	447.96	0.062518	20.943
22.045	9516.4	368.36	449	0.062647	20.925
22.095	9534.8	367.56	450.05	0.062777	20.899
22.145	9553.2	366.76	451.09	0.062908	20.866
22.195	9571.5	365.97	452.14	0.063039	20.832
22.245	9589.8	365.17	453.18	0.06317	20.803
22.295	9608	364.38	454.22	0.063299	20.781
22.345	9626.2	363.59	455.26	0.063428	20.767
22.395	9644.3	362.8	456.29	0.063557	20.757
22.445	9662.5	362.01	457.33	0.063685	20.748
22.495	9680.6	361.22	458.37	0.063814	20.734
22.545	9698.6	360.43	459.4	0.063944	20.712
22.595	9716.6	359.65	460.44	0.064075	20.684
22.645	9734.6	358.87	461.47	0.064205	20.653
22.695	9752.5	358.09	462.5	0.064336	20.622
22.745	9770.4	357.31	463.54	0.064467	20.597
22.795	9788.2	356.53	464.56	0.064596	20.579
22.845	9806	355.76	465.59	0.064725	20.57
22.895	9823.8	354.98	466.62	0.064854	20.562
22.945	9841.5	354.21	467.65	0.064983	20.551
22.995	9859.2	353.44	468.68	0.065112	20.534
23.045	9876.9	352.67	469.7	0.065243	20.508
23.095	9894.5	351.91	470.73	0.065374	20.477
23.145	9912.1	351.14	471.75	0.065505	20.446
23.195	9929.6	350.38	472.77	0.065637	20.42
23.245	9947.1	349.61	473.79	0.065767	20.4
23.295	9964.6	348.85	474.81	0.065897	20.387
23.345	9982	348.09	475.83	0.066026	20.377
23.395	9999.4	347.33	476.85	0.066154	20.37
23.445	10017	346.58	477.87	0.066282	20.36
23.495	10034	345.82	478.89	0.066411	20.344
23.545	10051	345.07	479.9	0.066541	20.322
23.595	10069	344.32	480.92	0.066672	20.294
23.645	10086	343.57	481.93	0.066804	20.265
23.695	10103	342.82	482.94	0.066936	20.238
23.745	10120	342.07	483.96	0.067067	20.214
23.795	10137	341.33	484.97	0.067197	20.194
23.845	10154	340.58	485.98	0.067326	20.179
23.895	10171	339.84	486.98	0.067454	20.168
23.945	10188	339.09	487.99	0.067582	20.159
23.995	10205	338.35	489	0.067709	20.15
24.045	10222	337.61	490.01	0.067838	20.137
24.095	10239	336.88	491.01	0.067967	20.119
24.145	10256	336.14	492.02	0.068097	20.095
24.195	10272	335.41	493.02	0.068227	20.069
24.245	10289	334.67	494.03	0.068358	20.043
24.295	10306	333.94	495.03	0.068488	20.017
24.345	10323	333.21	496.03	0.068618	19.998
24.395	10339	332.48	497.03	0.068747	19.984
24.445	10356	331.75	498.03	0.068874	19.972
24.495	10372	331.02	499.02	0.069001	19.963
24.545	10389	330.3	500.02	0.069128	19.953
24.595	10405	329.57	501.02	0.069256	19.94
24.645	10422	328.85	502.02	0.069383	19.921
24.695	10438	328.13	503.01	0.069512	19.898
24.745	10455	327.41	504.01	0.069642	19.872
24.795	10471	326.69	505	0.069772	19.847
24.845	10487	325.97	505.99	0.069903	19.827
24.895	10504	325.26	506.98	0.070033	19.81
24.945	10520	324.54	507.97	0.070162	19.796
24.995	10536	323.83	508.96	0.070291	19.782
25.045	10552	323.12	509.95	0.070419	19.77
25.095	10568	322.41	510.94	0.070547	19.76
25.145	10585	321.7	511.93	0.070674	19.75
25.195	10601	320.99	512.91	0.070802	19.737
25.245	10617	320.28	513.9	0.07093	19.721
25.295	10633	319.57	514.89	0.071059	19.703
25.345	10649	318.87	515.87	0.071189	19.682
25.395	10665	318.17	516.85	0.071319	19.658
25.445	10680	317.46	517.84	0.071449	19.634
25.495	10696	316.76	518.82	0.071579	19.611
25.545	10712	316.06	519.8	0.071709	19.59
25.595	10728	315.36	520.78	0.071837	19.574
25.645	10744	314.67	521.75	0.071965	19.563
25.695	10759	313.97	522.73	0.072093	19.554
25.745	10775	313.27	523.71	0.072221	19.546
25.795	10791	312.58	524.69	0.072348	19.539
25.845	10806	311.89	525.66	0.072476	19.53
25.895	10822	311.19	526.64	0.072605	19.516
25.945	10837	310.5	527.62	0.072734	19.5
25.995	10853	309.82	528.59	0.072864	19.48
26.045	10868	309.13	529.56	0.072993	19.457
26.095	10884	308.44	530.54	0.073123	19.432
26.145	10899	307.76	531.51	0.073252	19.408
26.195	10915	307.07	532.48	0.073381	19.388
26.245	10930	306.39	533.45	0.07351	19.371
26.295	10945	305.71	534.41	0.073638	19.358
26.345	10960	305.03	535.38	0.073766	19.347
26.395	10976	304.35	536.35	0.073894	19.34
26.445	10991	303.67	537.32	0.074023	19.335
26.495	11006	302.99	538.28	0.074151	19.328
26.545	11021	302.31	539.25	0.074281	19.318
26.595	11036	301.64	540.21	0.07441	19.302
26.645	11051	300.97	541.18	0.07454	19.28
26.695	11066	300.29	542.14	0.074669	19.256
26.745	11081	299.62	543.1	0.074799	19.233
26.795	11096	298.95	544.06	0.074928	19.212
26.845	11111	298.29	545.03	0.075057	19.196
26.895	11126	297.62	545.98	0.075185	19.184
26.945	11141	296.95	546.94	0.075313	19.173
26.995	11156	296.29	547.9	0.075441	19.164
27.045	11171	295.62	548.86	0.075569	19.157
27.095	11185	294.96	549.82	0.075698	19.149
27.145	11200	294.3	550.77	0.075827	19.139
27.195	11215	293.64	551.73	0.075956	19.126
27.245	11230	292.98	552.69	0.076085	19.111
27.295	11244	292.32	553.64	0.076215	19.095
27.345	11259	291.66	554.6	0.076345	19.077
27.395	11273	291.01	555.55	0.076475	19.058
27.445	11288	290.36	556.5	0.076604	19.039
27.495	11302	289.7	557.45	0.076734	19.021
27.545	11317	289.05	558.4	0.076863	19.005
27.595	11331	288.4	559.35	0.076991	18.992
27.645	11346	287.75	560.3	0.07712	18.982
27.695	11360	287.11	561.25	0.077249	18.973
27.745	11374	286.46	562.2	0.077377	18.965
27.795	11389	285.81	563.15	0.077506	18.959
27.845	11403	285.17	564.1	0.077635	18.952
27.895	11417	284.53	565.04	0.077764	18.943
27.945	11431	283.89	565.99	0.077894	18.931
27.995	11446	283.25	566.94	0.078024	18.915
28.045	11460	282.61	567.88	0.078153	18.899
28.095	11474	281.97	568.83	0.078283	18.881
28.145	11488	281.33	569.77	0.078413	18.863
28.195	11502	280.7	570.71	0.078542	18.845
28.245	11516	280.06	571.66	0.078671	18.828
28.295	11530	279.43	572.6	0.0788	18.812
28.345	11544	278.8	573.54	0.078929	18.799
28.395	11558	278.17	574.48	0.079058	18.788
28.445	11572	277.54	575.42	0.079186	18.78
28.495	11586	276.91	576.35	0.079315	18.773
28.545	11599	276.28	577.29	0.079444	18.768
28.595	11613	275.65	578.23	0.079573	18.762
28.645	11627	275.02	579.17	0.079702	18.754
28.695	11641	274.4	580.11	0.079832	18.745
28.745	11654	273.77	581.04	0.079961	18.733
28.795	11668	273.15	581.98	0.080091	18.719
28.845	11682	272.53	582.92	0.080221	18.704
28.895	11695	271.91	583.85	0.080351	18.69
28.945	11709	271.29	584.78	0.080481	18.674
28.995	11723	270.67	585.72	0.080611	18.659
29.045	11736	270.05	586.65	0.08074	18.645
29.095	11750	269.43	587.58	0.080869	18.632
29.145	11763	268.81	588.51	0.080998	18.621
29.195	11776	268.2	589.44	0.081127	18.61
29.245	11790	267.58	590.37	0.081256	18.6
29.295	11803	266.97	591.3	0.081385	18.591
29.345	11817	266.35	592.23	0.081514	18.581
29.395	11830	265.74	593.16	0.081644	18.572
29.445	11843	265.13	594.09	0.081774	18.563
29.495	11856	264.52	595.02	0.081904	18.554
29.545	11870	263.91	595.95	0.082034	18.545
29.595	11883	263.3	596.87	0.082164	18.536
29.645	11896	262.7	597.8	0.082295	18.525
29.695	11909	262.09	598.73	0.082425	18.513
29.745	11922	261.48	599.65	0.082555	18.501
29.795	11935	260.88	600.58	0.082685	18.49
29.845	11948	260.28	601.5	0.082814	18.48
29.895	11961	259.67	602.42	0.082943	18.469
29.945	11974	259.07	603.35	0.083073	18.458
29.995	11987	258.47	604.27	0.083202	18.448
30.045	12000	257.87	605.19	0.083331	18.437
30.095	12013	257.27	606.11	0.08346	18.426
30.145	12026	256.67	607.03	0.083589	18.416
30.195	12039	256.08	607.96	0.083719	18.406
30.245	12051	255.48	608.88	0.083848	18.396
30.295	12064	254.89	609.79	0.083979	18.386
30.345	12077	254.29	610.71	0.084109	18.377
30.395	12090	253.7	611.63	0.084239	18.367
30.445	12102	253.1	612.55	0.08437	18.359
30.495	12115	252.51	613.47	0.0845	18.35
30.545	12127	251.92	614.39	0.084631	18.342
30.595	12140	251.33	615.3	0.084761	18.332
30.645	12153	250.74	616.22	0.084891	18.322
30.695	12165	250.15	617.13	0.085021	18.312
30.745	12178	249.56	618.05	0.085151	18.301
30.795	12190	248.97	618.96	0.08528	18.291
30.845	12202	248.39	619.88	0.08541	18.282
30.895	12215	247.8	620.79	0.085539	18.273
30.945	12227	247.22	621.71	0.085668	18.264
30.995	12240	246.63	622.62	0.085797	18.255
31.045	12252	246.05	623.53	0.085926	18.247
31.095	12264	245.46	624.44	0.086056	18.238
31.145	12276	244.88	625.36	0.086185	18.229
31.195	12289	244.3	626.27	0.086315	18.22
31.245	12301	243.72	627.18	0.086445	18.21
31.295	12313	243.14	628.09	0.086576	18.2
31.345	12325	242.56	629	0.086706	18.19
31.395	12337	241.98	629.91	0.086837	18.181
31.445	12349	241.4	630.82	0.086967	18.172
31.495	12361	240.82	631.72	0.087098	18.164
31.545	12373	240.25	632.63	0.087228	18.154
31.595	12385	239.67	633.54	0.087359	18.144
31.645	12397	239.1	634.45	0.087489	18.136
31.695	12409	238.52	635.35	0.087619	18.128
31.745	12421	237.95	636.26	0.087749	18.12
31.795	12433	237.37	637.17	0.087879	18.113
31.845	12445	236.8	638.07	0.088009	18.106
31.895	12457	236.23	638.98	0.088139	18.101
31.945	12469	235.66	639.88	0.088269	18.094
31.995	12480	235.09	640.79	0.088398	18.088
32.045	12492	234.52	641.69	0.088528	18.082
32.095	12504	233.95	642.59	0.088658	18.076
32.145	12516	233.38	643.5	0.088789	18.07
32.195	12527	232.81	644.4	0.088919	18.062
32.245	12539	232.24	645.3	0.089049	18.052
32.295	12550	231.67	646.21	0.08918	18.042
32.345	12562	231.11	647.11	0.089311	18.032
32.395	12574	230.54	648.01	0.089441	18.021
32.445	12585	229.98	648.91	0.089572	18.011
32.495	12597	229.41	649.81	0.089703	18.001
32.545	12608	228.85	650.71	0.089833	17.991
32.595	12619	228.28	651.61	0.089964	17.981
32.645	12631	227.72	652.51	0.090094	17.973
32.695	12642	227.16	653.41	0.090225	17.963
32.745	12654	226.6	654.3	0.090355	17.954
32.795	12665	226.03	655.2	0.090485	17.946
32.845	12676	225.47	656.1	0.090615	17.939
32.895	12687	224.91	657	0.090746	17.932
32.945	12699	224.35	657.89	0.090876	17.926
32.995	12710	223.79	658.79	0.091006	17.92
33.045	12721	223.23	659.68	0.091136	17.916
33.095	12732	222.67	660.58	0.091267	17.912
33.145	12743	222.12	661.48	0.091397	17.907
33.195	12754	221.56	662.37	0.091528	17.903
33.245	12765	221	663.27	0.091658	17.897
33.295	12776	220.45	664.16	0.091789	17.891
33.345	12788	219.89	665.05	0.09192	17.883
33.395	12798	219.33	665.95	0.092051	17.875
33.445	12809	218.78	666.84	0.092182	17.867
33.495	12820	218.23	667.74	0.092313	17.858
33.545	12831	217.67	668.63	0.092443	17.849
33.595	12842	217.12	669.52	0.092574	17.839
33.645	12853	216.57	670.41	0.092705	17.829
33.695	12864	216.01	671.3	0.092836	17.818
33.745	12875	215.46	672.19	0.092967	17.808
33.795	12885	214.91	673.08	0.093097	17.8
33.845	12896	214.36	673.97	0.093228	17.793
33.895	12907	213.81	674.86	0.093358	17.788
33.945	12917	213.26	675.75	0.093489	17.784
33.995	12928	212.71	676.64	0.093619	17.78
34.045	12939	212.16	677.53	0.093749	17.778
34.095	12949	211.61	678.42	0.093879	17.775
34.145	12960	211.06	679.31	0.09401	17.772
34.195	12970	210.52	680.2	0.09414	17.768
34.245	12981	209.97	681.08	0.09427	17.764
34.295	12991	209.42	681.97	0.094401	17.759
34.345	13002	208.88	682.86	0.094532	17.752
34.395	13012	208.33	683.75	0.094662	17.744
34.445	13023	207.78	684.64	0.094793	17.735
34.495	13033	207.24	685.52	0.094924	17.726
34.545	13043	206.7	686.41	0.095055	17.716
34.595	13054	206.15	687.29	0.095186	17.707
34.645	13064	205.61	688.18	0.095317	17.697
34.695	13074	205.07	689.06	0.095449	17.687
34.745	13085	204.52	689.95	0.09558	17.677
34.795	13095	203.98	690.83	0.095711	17.668
34.845	13105	203.44	691.71	0.095842	17.659
34.895	13115	202.9	692.6	0.095974	17.651
34.945	13125	202.36	693.48	0.096105	17.645
34.995	13135	201.81	694.36	0.096236	17.64
35.045	13145	201.27	695.24	0.096367	17.637
35.095	13155	200.73	696.12	0.096498	17.635
35.145	13165	200.19	697.01	0.096629	17.634
35.195	13175	199.65	697.89	0.096759	17.633
35.245	13185	199.11	698.77	0.09689	17.632
35.295	13195	198.57	699.65	0.097021	17.631
35.345	13205	198.04	700.53	0.097152	17.629
35.395	13215	197.5	701.41	0.097282	17.626
35.445	13225	196.96	702.3	0.097413	17.623
35.495	13235	196.42	703.18	0.097544	17.618
35.545	13245	195.89	704.06	0.097675	17.611
35.595	13254	195.35	704.94	0.097806	17.603
35.645	13264	194.82	705.82	0.097937	17.593
35.695	13274	194.28	706.7	0.098069	17.583
35.745	13284	193.75	707.58	0.0982	17.572
35.795	13293	193.21	708.45	0.098332	17.561
35.845	13303	192.68	709.33	0.098463	17.55
35.895	13313	192.14	710.21	0.098595	17.54
35.945	13322	191.61	711.09	0.098727	17.531
35.995	13332	191.08	711.96	0.098858	17.523
36.045	13341	190.54	712.84	0.09899	17.516
36.095	13351	190.01	713.71	0.099122	17.51
36.145	13360	189.48	714.59	0.099254	17.504
36.195	13370	188.95	715.46	0.099385	17.499
36.245	13379	188.41	716.34	0.099517	17.495
36.295	13389	187.88	717.21	0.099648	17.493
36.345	13398	187.35	718.09	0.09978	17.49
36.395	13407	186.82	718.96	0.099911	17.487
36.445	13417	186.29	719.84	0.10004	17.484
36.495	13426	185.76	720.71	0.10017	17.481
36.545	13435	185.23	721.59	0.10031	17.479
36.595	13445	184.7	722.46	0.10044	17.476
36.645	13454	184.17	723.33	0.10057	17.474
36.695	13463	183.64	724.21	0.1007	17.471
36.745	13472	183.11	725.08	0.10083	17.468
36.795	13481	182.58	725.95	0.10096	17.465
36.845	13490	182.06	726.83	0.10109	17.46
36.895	13499	181.53	727.7	0.10123	17.456
36.945	13509	181	728.57	0.10136	17.451
36.995	13518	180.47	729.44	0.10149	17.445
37.045	13527	179.95	730.32	0.10162	17.439
37.095	13536	179.42	731.19	0.10175	17.432
37.145	13544	178.89	732.06	0.10189	17.424
37.195	13553	178.37	732.93	0.10202	17.416
37.245	13562	177.84	733.8	0.10215	17.407
37.295	13571	177.32	734.67	0.10228	17.398
37.345	13580	176.79	735.54	0.10241	17.389
37.395	13589	176.27	736.41	0.10255	17.381
37.445	13598	175.75	737.28	0.10268	17.373
37.495	13606	175.22	738.15	0.10281	17.367
37.545	13615	174.7	739.02	0.10294	17.36
37.595	13624	174.17	739.88	0.10308	17.354
37.645	13633	173.65	740.75	0.10321	17.349
37.695	13641	173.13	741.62	0.10334	17.344
37.745	13650	172.61	742.49	0.10347	17.34
37.795	13659	172.08	743.35	0.1036	17.337
37.845	13667	171.56	744.22	0.10374	17.334
37.895	13676	171.04	745.09	0.10387	17.332
37.945	13684	170.52	745.95	0.104	17.33
37.995	13693	169.99	746.82	0.10413	17.328
38.045	13701	169.47	747.69	0.10426	17.325
38.095	13710	168.95	748.55	0.1044	17.322
38.145	13718	168.43	749.42	0.10453	17.318
38.195	13727	167.91	750.28	0.10466	17.315
38.245	13735	167.39	751.15	0.10479	17.312
38.295	13743	166.87	752.01	0.10492	17.309
38.345	13752	166.35	752.88	0.10506	17.305
38.395	13760	165.83	753.74	0.10519	17.301
38.445	13768	165.31	754.61	0.10532	17.298
38.495	13776	164.79	755.47	0.10545	17.294
38.545	13785	164.27	756.34	0.10559	17.29
38.595	13793	163.75	757.2	0.10572	17.286
38.645	13801	163.23	758.07	0.10585	17.282
38.695	13809	162.71	758.93	0.10598	17.277
38.745	13817	162.2	759.8	0.10612	17.272
38.795	13825	161.68	760.66	0.10625	17.267
38.845	13834	161.16	761.52	0.10638	17.261
38.895	13842	160.64	762.39	0.10651	17.256
38.945	13850	160.13	763.25	0.10665	17.251
38.995	13858	159.61	764.11	0.10678	17.246
39.045	13866	159.09	764.97	0.10691	17.241
39.095	13873	158.58	765.83	0.10704	17.236
39.145	13881	158.06	766.7	0.10718	17.231
39.195	13889	157.55	767.56	0.10731	17.225
39.245	13897	157.03	768.42	0.10744	17.219
39.295	13905	156.52	769.28	0.10758	17.214
39.345	13913	156	770.14	0.10771	17.209
39.395	13921	155.48	771	0.10784	17.205
39.445	13928	154.97	771.86	0.10797	17.2
39.495	13936	154.46	772.72	0.10811	17.196
39.545	13944	153.94	773.58	0.10824	17.192
39.595	13951	153.43	774.44	0.10837	17.188
39.645	13959	152.91	775.3	0.1085	17.184
39.695	13967	152.4	776.16	0.10864	17.181
39.745	13974	151.88	777.02	0.10877	17.177
39.795	13982	151.37	777.88	0.1089	17.174
39.845	13990	150.86	778.73	0.10904	17.171
39.895	13997	150.34	779.59	0.10917	17.168
39.945	14005	149.83	780.45	0.1093	17.165
39.995	14012	149.32	781.31	0.10943	17.162
40.045	14019	148.81	782.17	0.10957	17.158
40.095	14027	148.29	783.03	0.1097	17.155
40.145	14034	147.78	783.88	0.10983	17.151
40.195	14042	147.27	784.74	0.10997	17.147
40.245	14049	146.76	785.6	0.1101	17.141
40.295	14056	146.25	786.45	0.11023	17.136
40.345	14064	145.74	787.31	0.11036	17.131
40.395	14071	145.23	788.17	0.1105	17.126
40.445	14078	144.71	789.02	0.11063	17.121
40.495	14085	144.2	789.88	0.11076	17.116
40.545	14093	143.69	790.74	0.1109	17.111
40.595	14100	143.18	791.59	0.11103	17.107
40.645	14107	142.67	792.45	0.11117	17.102
40.695	14114	142.16	793.3	0.1113	17.098
40.745	14121	141.65	794.16	0.11143	17.093
40.795	14128	141.14	795.01	0.11157	17.089
40.845	14135	140.63	795.86	0.1117	17.084
40.895	14142	140.12	796.72	0.11183	17.08
40.945	14149	139.62	797.57	0.11197	17.076
40.995	14156	139.11	798.43	0.1121	17.072
41.045	14163	138.6	799.28	0.11223	17.069
41.095	14170	138.09	800.13	0.11237	17.066
41.145	14177	137.58	800.99	0.1125	17.064
41.195	14184	137.07	801.84	0.11263	17.062
41.245	14191	136.56	802.69	0.11277	17.061
41.295	14197	136.06	803.55	0.1129	17.059
41.345	14204	135.55	804.4	0.11303	17.057
41.395	14211	135.04	805.25	0.11317	17.056
41.445	14218	134.53	806.1	0.1133	17.054
41.495	14225	134.02	806.96	0.11343	17.053
41.545	14231	133.52	807.81	0.11357	17.051
41.595	14238	133.01	808.66	0.1137	17.049
41.645	14244	132.5	809.51	0.11383	17.047
41.695	14251	132	810.37	0.11397	17.044
41.745	14258	131.49	811.22	0.1141	17.042
41.795	14264	130.98	812.07	0.11423	17.04
41.845	14271	130.48	812.92	0.11437	17.037
41.895	14277	129.97	813.77	0.1145	17.034
41.945	14284	129.46	814.63	0.11463	17.031
41.995	14290	128.96	815.48	0.11477	17.027
42.045	14297	128.45	816.33	0.1149	17.023
42.095	14303	127.95	817.18	0.11503	17.019
42.145	14309	127.44	818.03	0.11517	17.014
42.195	14316	126.94	818.88	0.1153	17.01
42.245	14322	126.43	819.73	0.11543	17.005
42.295	14328	125.93	820.58	0.11557	17
42.345	14335	125.42	821.43	0.1157	16.996
42.395	14341	124.92	822.28	0.11584	16.991
42.445	14347	124.41	823.13	0.11597	16.987
42.495	14353	123.91	823.98	0.1161	16.982
42.545	14360	123.41	824.83	0.11624	16.978
42.595	14366	122.9	825.68	0.11637	16.974
42.645	14372	122.4	826.53	0.11651	16.97
42.695	14378	121.9	827.37	0.11664	16.967
42.745	14384	121.39	828.22	0.11677	16.963
42.795	14390	120.89	829.07	0.11691	16.959
42.845	14396	120.39	829.92	0.11704	16.955
42.895	14402	119.88	830.77	0.11718	16.951
42.945	14408	119.38	831.61	0.11731	16.947
42.995	14414	118.88	832.46	0.11744	16.944
43.045	14420	118.37	833.31	0.11758	16.94
43.095	14426	117.87	834.16	0.11771	16.937
43.145	14432	117.37	835	0.11785	16.933
43.195	14438	116.87	835.85	0.11798	16.93
43.245	14444	116.36	836.69	0.11812	16.927
43.295	14449	115.86	837.54	0.11825	16.924
43.345	14455	115.36	838.39	0.11838	16.921
43.395	14461	114.86	839.23	0.11852	16.919
43.445	14467	114.36	840.08	0.11865	16.916
43.495	14472	113.86	840.92	0.11879	16.913
43.545	14478	113.35	841.77	0.11892	16.911
43.595	14484	112.85	842.62	0.11905	16.908
43.645	14489	112.35	843.46	0.11919	16.905
43.695	14495	111.85	844.31	0.11932	16.902
43.745	14500	111.35	845.15	0.11946	16.899
43.795	14506	110.85	846	0.11959	16.896
43.845	14512	110.35	846.84	0.11973	16.894
43.895	14517	109.85	847.69	0.11986	16.892
43.945	14523	109.35	848.53	0.11999	16.889
43.995	14528	108.85	849.37	0.12013	16.887
44.045	14533	108.35	850.22	0.12026	16.885
44.095	14539	107.85	851.06	0.1204	16.883
44.145	14544	107.35	851.91	0.12053	16.88
44.195	14550	106.85	852.75	0.12066	16.878
44.245	14555	106.35	853.6	0.1208	16.876
44.295	14560	105.85	854.44	0.12093	16.874
44.345	14566	105.35	855.28	0.12107	16.872
44.395	14571	104.85	856.13	0.1212	16.87
44.445	14576	104.35	856.97	0.12134	16.868
44.495	14581	103.85	857.81	0.12147	16.866
44.545	14586	103.35	858.66	0.1216	16.864
44.595	14592	102.85	859.5	0.12174	16.861
44.645	14597	102.35	860.34	0.12187	16.859
44.695	14602	101.85	861.19	0.12201	16.856
44.745	14607	101.35	862.03	0.12214	16.854
44.795	14612	100.85	862.87	0.12228	16.851
44.845	14617	100.36	863.71	0.12241	16.849
44.895	14622	99.857	864.56	0.12255	16.847
44.945	14627	99.359	865.4	0.12268	16.844
44.995	14632	98.861	866.24	0.12281	16.841
45.045	14637	98.363	867.08	0.12295	16.838
45.095	14642	97.865	867.92	0.12308	16.835
45.145	14647	97.368	868.77	0.12322	16.832
45.195	14651	96.87	869.61	0.12335	16.828
45.245	14656	96.373	870.45	0.12349	16.825
45.295	14661	95.875	871.29	0.12362	16.822
45.345	14666	95.378	872.13	0.12376	16.819
45.395	14671	94.881	872.97	0.12389	16.816
45.445	14675	94.383	873.81	0.12403	16.813
45.495	14680	93.886	874.65	0.12416	16.81
45.545	14685	93.389	875.49	0.1243	16.807
45.595	14689	92.892	876.33	0.12443	16.805
45.645	14694	92.396	877.17	0.12457	16.802
45.695	14699	91.899	878.01	0.1247	16.799
45.745	14703	91.402	878.85	0.12484	16.797
45.795	14708	90.906	879.69	0.12497	16.794
45.845	14712	90.409	880.53	0.12511	16.792
45.895	14717	89.913	881.37	0.12524	16.789
45.945	14721	89.417	882.21	0.12538	16.787
45.995	14726	88.921	883.05	0.12551	16.784
46.045	14730	88.425	883.89	0.12565	16.781
46.095	14735	87.929	884.73	0.12578	16.778
46.145	14739	87.433	885.57	0.12592	16.775
46.195	14743	86.937	886.41	0.12605	16.772
46.245	14748	86.442	887.25	0.12619	16.77
46.295	14752	85.946	888.08	0.12632	16.767
46.345	14756	85.45	888.92	0.12646	16.765
46.395	14761	84.955	889.76	0.12659	16.763
46.445	14765	84.459	890.6	0.12673	16.761
46.495	14769	83.964	891.44	0.12686	16.76
46.545	14773	83.468	892.27	0.127	16.758
46.595	14777	82.973	893.11	0.12713	16.757
46.645	14781	82.478	893.95	0.12727	16.756
46.695	14786	81.983	894.79	0.1274	16.755
46.745	14790	81.488	895.63	0.12754	16.753
46.795	14794	80.993	896.46	0.12767	16.752
46.845	14798	80.498	897.3	0.12781	16.75
46.895	14802	80.003	898.14	0.12794	16.748
46.945	14806	79.508	898.98	0.12808	16.746
46.995	14810	79.014	899.81	0.12821	16.744
47.045	14814	78.519	900.65	0.12835	16.742
47.095	14818	78.025	901.49	0.12848	16.74
47.145	14821	77.531	902.32	0.12862	16.737
47.195	14825	77.037	903.16	0.12875	16.734
47.245	14829	76.543	904	0.12889	16.732
47.295	14833	76.049	904.83	0.12902	16.729
47.345	14837	75.555	905.67	0.12916	16.727
47.395	14841	75.061	906.51	0.12929	16.726
47.445	14844	74.567	907.34	0.12943	16.724
47.495	14848	74.073	908.18	0.12956	16.722
47.545	14852	73.58	909.01	0.1297	16.72
47.595	14855	73.086	909.85	0.12983	16.717
47.645	14859	72.593	910.69	0.12997	16.715
47.695	14863	72.1	911.52	0.1301	16.713
47.745	14866	71.606	912.36	0.13024	16.711
47.795	14870	71.113	913.19	0.13037	16.708
47.845	14873	70.62	914.03	0.13051	16.706
47.895	14877	70.127	914.86	0.13065	16.704
47.945	14880	69.634	915.7	0.13078	16.702
47.995	14884	69.141	916.53	0.13092	16.7
48.045	14887	68.648	917.37	0.13105	16.697
48.095	14891	68.155	918.2	0.13119	16.695
48.145	14894	67.662	919.04	0.13132	16.693
48.195	14897	67.17	919.87	0.13146	16.691
48.245	14901	66.677	920.71	0.13159	16.689
48.295	14904	66.184	921.54	0.13173	16.687
48.345	14907	65.692	922.38	0.13186	16.685
48.395	14911	65.199	923.21	0.132	16.683
48.445	14914	64.707	924.04	0.13214	16.681
48.495	14917	64.215	924.88	0.13227	16.678
48.545	14920	63.723	925.71	0.13241	16.676
48.595	14924	63.231	926.55	0.13254	16.673
48.645	14927	62.739	927.38	0.13268	16.67
48.695	14930	62.247	928.21	0.13281	16.668
48.745	14933	61.755	929.05	0.13295	16.665
48.795	14936	61.263	929.88	0.13308	16.663
48.845	14939	60.772	930.71	0.13322	16.66
48.895	14942	60.28	931.55	0.13336	16.658
48.945	14945	59.788	932.38	0.13349	16.656
48.995	14948	59.297	933.21	0.13363	16.654
49.045	14951	58.805	934.04	0.13376	16.651
49.095	14954	58.314	934.88	0.1339	16.649
49.145	14957	57.822	935.71	0.13404	16.647
49.195	14960	57.331	936.54	0.13417	16.644
49.245	14963	56.84	937.37	0.13431	16.642
49.295	14965	56.349	938.21	0.13444	16.64
49.345	14968	55.857	939.04	0.13458	16.637
49.395	14971	55.366	939.87	0.13471	16.635
49.445	14974	54.875	940.7	0.13485	16.633
49.495	14976	54.384	941.53	0.13499	16.63
49.545	14979	53.894	942.36	0.13512	16.628
49.595	14982	53.403	943.19	0.13526	16.625
49.645	14984	52.912	944.03	0.13539	16.623
49.695	14987	52.421	944.86	0.13553	16.621
49.745	14990	51.931	945.69	0.13567	16.618
49.795	14992	51.44	946.52	0.1358	16.615
49.845	14995	50.95	947.35	0.13594	16.613
49.895	14997	50.459	948.18	0.13607	16.61
49.945	15000	49.969	949.01	0.13621	16.608
49.995	15002	49.478	949.84	0.13635	16.605
50.045	15005	48.988	950.67	0.13648	16.602
50.095	15007	48.498	951.5	0.13662	16.6
50.145	15010	48.008	952.33	0.13675	16.598
50.195	15012	47.518	953.16	0.13689	16.595
50.245	15014	47.027	953.99	0.13703	16.593
50.295	15017	46.537	954.82	0.13716	16.591
50.345	15019	46.047	955.65	0.1373	16.589
50.395	15021	45.557	956.48	0.13744	16.587
50.445	15024	45.067	957.31	0.13757	16.585
50.495	15026	44.577	958.14	0.13771	16.583
50.545	15028	44.087	958.97	0.13784	16.581
50.595	15030	43.597	959.8	0.13798	16.579
50.645	15032	43.107	960.62	0.13812	16.577
50.695	15035	42.617	961.45	0.13825	16.576
50.745	15037	42.127	962.28	0.13839	16.574
50.795	15039	41.638	963.11	0.13852	16.572
50.845	15041	41.148	963.94	0.13866	16.57
50.895	15043	40.658	964.77	0.1388	16.568
50.945	15045	40.169	965.6	0.13893	16.566
50.995	15047	39.679	966.42	0.13907	16.564
51.045	15049	39.19	967.25	0.1392	16.563
51.095	15051	38.7	968.08	0.13934	16.561
51.145	15053	38.211	968.91	0.13948	16.559
51.195	15055	37.721	969.74	0.13961	16.557
51.245	15057	37.232	970.56	0.13975	16.555
51.295	15058	36.743	971.39	0.13989	16.553
51.345	15060	36.254	972.22	0.14002	16.551
51.395	15062	35.765	973.05	0.14016	16.549
51.445	15064	35.275	973.87	0.14029	16.548
51.495	15066	34.786	974.7	0.14043	16.546
51.545	15067	34.297	975.53	0.14057	16.544
51.595	15069	33.808	976.36	0.1407	16.542
51.645	15071	33.32	977.18	0.14084	16.54
51.695	15072	32.831	978.01	0.14097	16.538
51.745	15074	32.342	978.84	0.14111	16.536
51.795	15076	31.853	979.66	0.14125	16.533
51.845	15077	31.364	980.49	0.14138	16.531
51.895	15079	30.876	981.32	0.14152	16.529
51.945	15080	30.387	982.14	0.14165	16.527
51.995	15082	29.899	982.97	0.14179	16.525
52.045	15083	29.41	983.8	0.14193	16.522
52.095	15085	28.922	984.62	0.14206	16.52
52.145	15086	28.434	985.45	0.1422	16.517
52.195	15088	27.946	986.27	0.14233	16.515
52.245	15089	27.458	987.1	0.14247	16.513
52.295	15090	26.97	987.92	0.14261	16.51
52.345	15092	26.482	988.75	0.14274	16.507
52.395	15093	25.994	989.58	0.14288	16.504
52.445	15094	25.506	990.4	0.14301	16.502
52.495	15095	25.018	991.23	0.14315	16.499
52.545	15097	24.53	992.05	0.14329	16.496
52.595	15098	24.043	992.88	0.14342	16.494
52.645	15099	23.555	993.7	0.14356	16.491
52.695	15100	23.067	994.52	0.1437	16.488
52.745	15101	22.58	995.35	0.14383	16.486
52.795	15103	22.092	996.17	0.14397	16.483
52.845	15104	21.605	997	0.1441	16.48
52.895	15105	21.118	997.82	0.14424	16.477
52.945	15106	20.63	998.64	0.14438	16.474
52.995	15107	20.143	999.47	0.14451	16.471
53.045	15108	19.656	1000.3	0.14465	16.468
53.095	15109	19.169	1001.1	0.14478	16.465
53.145	15110	18.682	1001.9	0.14492	16.462
53.195	15111	18.195	1002.8	0.14506	16.459
53.245	15112	17.708	1003.6	0.14519	16.456
53.295	15112	17.221	1004.4	0.14533	16.453
53.345	15113	16.735	1005.2	0.14546	16.45
53.395	15114	16.248	1006.1	0.1456	16.446
53.445	15115	15.762	1006.9	0.14574	16.443
53.495	15116	15.275	1007.7	0.14587	16.44
53.545	15116	14.789	1008.5	0.14601	16.436
53.595	15117	14.303	1009.3	0.14614	16.432
53.645	15118	13.817	1010.2	0.14628	16.429
53.695	15118	13.331	1011	0.14642	16.425
53.745	15119	12.845	1011.8	0.14655	16.422
53.795	15120	12.36	1012.6	0.14669	16.418
53.845	15120	11.874	1013.4	0.14682	16.414
53.895	15121	11.389	1014.3	0.14696	16.41
53.945	15122	10.903	1015.1	0.1471	16.406
53.995	15122	10.418	1015.9	0.14723	16.402
54.045	15123	9.9333	1016.7	0.14737	16.398
54.095	15123	9.4486	1017.5	0.1475	16.393
54.145	15124	8.9639	1018.4	0.14764	16.389
54.195	15124	8.4794	1019.2	0.14778	16.385
54.245	15124	7.995	1020	0.14791	16.38
54.295	15125	7.5108	1020.8	0.14805	16.376
54.345	15125	7.0267	1021.6	0.14818	16.372
54.395	15125	6.5427	1022.5	0.14832	16.367
54.445	15126	6.0589	1023.3	0.14845	16.363
54.495	15126	5.5752	1024.1	0.14859	16.358
54.545	15126	5.0917	1024.9	0.14873	16.354
54.595	15127	4.6084	1025.7	0.14886	16.349
54.645	15127	4.1254	1026.5	0.149	16.344
54.695	15127	3.6426	1027.4	0.14913	16.339
54.745	15127	3.16	1028.2	0.14927	16.334
54.795	15127	2.6777	1029	0.1494	16.329
54.845	15127	2.1955	1029.8	0.14954	16.324
54.895	15128	1.7137	1030.6	0.14968	16.319
54.945	15128	1.232	1031.4	0.14981	16.314
54.995	15128	0.7506	1032.3	0.14995	16.309
55.045	15128	0.26944	1033.1	0.15008	16.304
55.095	15128	-0.21142	1033.9	0.15022	16.299
# Event APOGEE occurred at t=55.145 seconds					
55.145	15128	-0.69203	1034.7	0.15035	16.293
# Event RECOVERY_DEVICE_DEPLOYMENT occurred at t=55.146 seconds					
55.199	15128	-1.216	1035.6	0.1505	16.284
55.25	15128	-1.7159	1036.4	0.15064	16.275
55.302	15127	-2.2158	1037.3	0.15078	16.266
55.353	15127	-2.7157	1038.1	0.15092	16.256
55.404	15127	-3.2156	1038.9	0.15106	16.247
55.456	15127	-3.7156	1039.8	0.1512	16.238
55.507	15127	-4.2155	1040.6	0.15133	16.229
55.559	15127	-4.7154	1041.4	0.15147	16.22
55.61	15126	-5.2153	1042.3	0.15161	16.21
55.662	15126	-5.7152	1043.1	0.15175	16.2
55.713	15126	-6.2151	1043.9	0.15189	16.191
55.765	15125	-6.715	1044.8	0.15203	16.181
55.816	15125	-7.2149	1045.6	0.15217	16.171
55.868	15125	-7.7148	1046.4	0.15231	16.162
55.92	15124	-8.2147	1047.3	0.15245	16.152
55.971	15124	-8.7146	1048.1	0.15259	16.143
56.023	15123	-9.2145	1048.9	0.15273	16.133
56.075	15123	-9.7144	1049.8	0.15287	16.123
56.126	15122	-10.214	1050.6	0.15301	16.112
56.178	15122	-10.714	1051.4	0.15315	16.102
56.23	15121	-11.214	1052.3	0.15329	16.092
56.282	15121	-11.714	1053.1	0.15343	16.081
56.334	15120	-12.214	1053.9	0.15357	16.071
56.386	15119	-12.714	1054.8	0.15371	16.06
56.438	15119	-13.214	1055.6	0.15385	16.05
56.49	15118	-13.714	1056.4	0.15399	16.039
56.542	15117	-14.213	1057.3	0.15413	16.028
56.594	15116	-14.713	1058.1	0.15427	16.017
56.646	15116	-15.213	1059	0.15441	16.006
56.698	15115	-15.713	1059.8	0.15455	15.994
56.751	15114	-16.213	1060.6	0.15469	15.982
56.803	15113	-16.713	1061.5	0.15483	15.971
56.855	15112	-17.213	1062.3	0.15497	15.958
56.908	15111	-17.712	1063.1	0.15511	15.946
56.96	15110	-18.212	1064	0.15525	15.934
57.013	15109	-18.712	1064.8	0.15539	15.921
57.065	15108	-19.212	1065.6	0.15553	15.908
57.118	15107	-19.712	1066.5	0.15567	15.896
57.171	15106	-20.212	1067.3	0.15581	15.882
57.224	15105	-20.711	1068.2	0.15595	15.869
57.276	15104	-21.211	1069	0.15609	15.856
57.329	15103	-21.711	1069.8	0.15624	15.842
57.382	15102	-22.211	1070.7	0.15638	15.828
57.435	15101	-22.711	1071.5	0.15652	15.814
57.488	15099	-23.211	1072.3	0.15666	15.799
57.541	15098	-23.71	1073.2	0.1568	15.785
57.595	15097	-24.21	1074	0.15694	15.77
57.648	15096	-24.71	1074.9	0.15708	15.755
57.701	15094	-25.21	1075.7	0.15723	15.74
57.755	15093	-25.709	1076.5	0.15737	15.725
57.808	15092	-26.209	1077.4	0.15751	15.709
57.862	15090	-26.709	1078.2	0.15765	15.693
57.916	15089	-27.209	1079.1	0.1578	15.677
57.969	15087	-27.708	1079.9	0.15794	15.661
58.023	15086	-28.208	1080.8	0.15808	15.645
58.077	15084	-28.708	1081.6	0.15822	15.628
58.131	15083	-29.208	1082.4	0.15837	15.611
58.185	15081	-29.707	1083.3	0.15851	15.594
58.24	15079	-30.207	1084.1	0.15865	15.577
58.294	15078	-30.707	1085	0.1588	15.559
58.348	15076	-31.206	1085.8	0.15894	15.542
58.403	15074	-31.706	1086.7	0.15908	15.524
58.458	15073	-32.206	1087.5	0.15923	15.506
58.512	15071	-32.705	1088.4	0.15937	15.487
58.567	15069	-33.205	1089.2	0.15952	15.468
58.622	15067	-33.705	1090.1	0.15966	15.449
58.677	15065	-34.204	1090.9	0.1598	15.43
58.732	15063	-34.704	1091.8	0.15995	15.41
58.787	15061	-35.204	1092.6	0.16009	15.391
58.843	15060	-35.703	1093.5	0.16024	15.371
58.898	15058	-36.203	1094.3	0.16038	15.352
58.954	15056	-36.702	1095.2	0.16053	15.332
59.01	15053	-37.202	1096	0.16067	15.312
59.065	15051	-37.702	1096.9	0.16082	15.291
59.121	15049	-38.201	1097.7	0.16097	15.27
59.177	15047	-38.701	1098.6	0.16111	15.249
59.234	15045	-39.2	1099.5	0.16126	15.228
59.29	15043	-39.7	1100.3	0.16141	15.206
59.347	15040	-40.199	1101.2	0.16155	15.184
59.403	15038	-40.699	1102	0.1617	15.162
59.46	15036	-41.198	1102.9	0.16185	15.14
59.517	15033	-41.698	1103.7	0.16199	15.118
59.574	15031	-42.197	1104.6	0.16214	15.095
59.631	15029	-42.697	1105.5	0.16229	15.072
59.688	15026	-43.196	1106.3	0.16244	15.048
59.746	15024	-43.696	1107.2	0.16259	15.025
59.804	15021	-44.195	1108.1	0.16273	15.001
59.861	15019	-44.694	1108.9	0.16288	14.976
59.919	15016	-45.194	1109.8	0.16303	14.952
59.977	15013	-45.693	1110.7	0.16318	14.927
60.036	15011	-46.193	1111.5	0.16333	14.902
60.094	15008	-46.692	1112.4	0.16348	14.876
60.153	15005	-47.191	1113.3	0.16363	14.851
60.212	15002	-47.691	1114.2	0.16378	14.825
60.271	15000	-48.19	1115	0.16393	14.798
60.33	14997	-48.689	1115.9	0.16408	14.771
60.389	14994	-49.188	1116.8	0.16423	14.744
60.449	14991	-49.688	1117.7	0.16438	14.716
60.509	14988	-50.187	1118.5	0.16454	14.688
60.569	14985	-50.686	1119.4	0.16469	14.66
60.629	14982	-51.185	1120.3	0.16484	14.631
60.689	14979	-51.684	1121.2	0.16499	14.602
60.75	14975	-52.183	1122.1	0.16515	14.572
60.81	14972	-52.683	1122.9	0.1653	14.543
60.871	14969	-53.182	1123.8	0.16545	14.513
60.933	14966	-53.681	1124.7	0.16561	14.483
60.994	14963	-54.18	1125.6	0.16576	14.453
61.056	14959	-54.679	1126.5	0.16592	14.422
61.117	14956	-55.178	1127.4	0.16607	14.391
61.18	14952	-55.677	1128.3	0.16623	14.359
61.242	14949	-56.176	1129.2	0.16638	14.327
61.304	14945	-56.675	1130.1	0.16654	14.295
61.367	14942	-57.174	1131	0.1667	14.262
61.43	14938	-57.673	1131.9	0.16685	14.228
61.494	14934	-58.172	1132.8	0.16701	14.195
61.557	14931	-58.67	1133.7	0.16717	14.161
61.621	14927	-59.169	1134.6	0.16733	14.127
61.685	14923	-59.668	1135.5	0.16748	14.093
61.75	14919	-60.167	1136.4	0.16764	14.059
61.814	14915	-60.666	1137.3	0.1678	14.024
61.879	14911	-61.165	1138.2	0.16796	13.99
61.944	14907	-61.663	1139.1	0.16812	13.954
62.01	14903	-62.162	1140	0.16828	13.919
62.076	14899	-62.661	1140.9	0.16844	13.882
62.142	14895	-63.159	1141.9	0.16861	13.846
62.208	14891	-63.658	1142.8	0.16877	13.81
62.275	14887	-64.157	1143.7	0.16893	13.772
62.342	14882	-64.655	1144.6	0.16909	13.735
62.41	14878	-65.154	1145.5	0.16926	13.697
62.477	14873	-65.652	1146.5	0.16942	13.658
62.545	14869	-66.151	1147.4	0.16958	13.619
62.614	14864	-66.649	1148.3	0.16975	13.579
62.683	14860	-67.148	1149.3	0.16992	13.539
62.752	14855	-67.646	1150.2	0.17008	13.498
62.821	14850	-68.144	1151.1	0.17025	13.457
62.891	14846	-68.642	1152.1	0.17042	13.415
62.962	14841	-69.141	1153	0.17058	13.372
63.032	14836	-69.639	1154	0.17075	13.329
63.103	14831	-70.137	1154.9	0.17092	13.286
63.175	14826	-70.635	1155.8	0.17109	13.242
63.247	14821	-71.133	1156.8	0.17126	13.198
63.319	14816	-71.631	1157.8	0.17143	13.154
63.392	14810	-72.129	1158.7	0.1716	13.109
63.465	14805	-72.627	1159.7	0.17178	13.064
63.539	14800	-73.125	1160.6	0.17195	13.018
63.613	14794	-73.623	1161.6	0.17212	12.972
63.687	14789	-74.121	1162.6	0.1723	12.925
63.762	14783	-74.618	1163.5	0.17247	12.877
63.838	14778	-75.116	1164.5	0.17265	12.83
63.914	14772	-75.614	1165.5	0.17282	12.782
63.99	14766	-76.111	1166.4	0.173	12.733
64.067	14760	-76.609	1167.4	0.17318	12.684
64.145	14754	-77.106	1168.4	0.17336	12.635
64.223	14748	-77.604	1169.4	0.17354	12.585
64.302	14742	-78.102	1170.4	0.17372	12.536
64.381	14736	-78.599	1171.4	0.1739	12.486
64.461	14730	-79.096	1172.4	0.17408	12.434
64.542	14723	-79.594	1173.4	0.17427	12.382
64.623	14717	-80.091	1174.4	0.17445	12.33
64.704	14710	-80.588	1175.4	0.17463	12.277
64.787	14703	-81.085	1176.4	0.17482	12.224
64.87	14697	-81.582	1177.4	0.17501	12.171
64.954	14690	-82.08	1178.4	0.17519	12.117
65.038	14683	-82.577	1179.4	0.17538	12.062
65.123	14676	-83.074	1180.5	0.17557	12.007
65.209	14669	-83.57	1181.5	0.17576	11.95
65.296	14661	-84.067	1182.5	0.17596	11.893
65.383	14654	-84.564	1183.6	0.17615	11.836
65.471	14647	-85.06	1184.6	0.17634	11.777
65.56	14639	-85.557	1185.6	0.17654	11.718
65.65	14631	-86.053	1186.7	0.17673	11.657
65.741	14623	-86.549	1187.7	0.17693	11.596
65.832	14616	-87.046	1188.8	0.17713	11.535
65.925	14607	-87.542	1189.9	0.17733	11.472
66.018	14599	-88.038	1190.9	0.17753	11.41
66.113	14591	-88.534	1192	0.17774	11.347
66.208	14582	-89.03	1193.1	0.17794	11.284
66.304	14574	-89.526	1194.2	0.17815	11.219
66.402	14565	-90.021	1195.3	0.17835	11.153
66.5	14556	-90.517	1196.4	0.17856	11.087
66.6	14547	-91.012	1197.5	0.17877	11.019
66.701	14538	-91.507	1198.6	0.17898	10.949
66.803	14529	-92.002	1199.7	0.1792	10.877
66.906	14519	-92.497	1200.8	0.17941	10.805
67.011	14509	-92.992	1201.9	0.17963	10.733
67.116	14499	-93.486	1203.1	0.17985	10.659
67.224	14489	-93.981	1204.2	0.18007	10.585
67.332	14479	-94.475	1205.3	0.18029	10.51
67.442	14469	-94.969	1206.5	0.18052	10.435
67.554	14458	-95.463	1207.7	0.18074	10.359
67.667	14447	-95.957	1208.8	0.18097	10.282
67.782	14436	-96.451	1210	0.18121	10.203
67.899	14425	-96.945	1211.2	0.18144	10.122
68.017	14413	-97.438	1212.4	0.18168	10.04
68.137	14402	-97.931	1213.6	0.18191	9.9561
68.26	14390	-98.424	1214.8	0.18216	9.872
68.384	14377	-98.916	1216	0.1824	9.7863
68.51	14365	-99.408	1217.3	0.18265	9.6978
68.639	14352	-99.9	1218.5	0.1829	9.6076
68.77	14339	-100.39	1219.7	0.18315	9.5162
68.903	14326	-100.88	1221	0.18341	9.4246
69.039	14312	-101.37	1222.3	0.18367	9.3308
69.178	14298	-101.87	1223.6	0.18393	9.2353
69.32	14283	-102.36	1224.9	0.1842	9.1374
69.464	14268	-102.85	1226.2	0.18447	9.0369
69.612	14253	-103.34	1227.5	0.18474	8.9374
69.763	14238	-103.83	1228.9	0.18502	8.837
69.918	14221	-104.31	1230.2	0.18531	8.7336
70.076	14205	-104.8	1231.6	0.18559	8.6275
70.238	14188	-105.29	1233	0.18589	8.52
70.405	14170	-105.78	1234.4	0.18619	8.412
70.576	14152	-106.27	1235.8	0.18649	8.3023
70.753	14133	-106.75	1237.3	0.18681	8.1903
70.934	14114	-107.24	1238.8	0.18712	8.0745
71.121	14094	-107.73	1240.3	0.18745	7.9523
71.314	14073	-108.21	1241.8	0.18778	7.8266
71.514	14051	-108.69	1243.3	0.18812	7.6981
71.721	14029	-109.17	1244.9	0.18847	7.5649
71.935	14005	-109.66	1246.5	0.18883	7.428
72.159	13981	-110.14	1248.2	0.1892	7.2883
72.393	13955	-110.61	1249.8	0.18958	7.1445
72.637	13928	-111.09	1251.6	0.18997	6.9932
72.893	13899	-111.57	1253.3	0.19038	6.8346
73.163	13869	-112.04	1255.2	0.1908	6.6712
73.449	13837	-112.51	1257	0.19125	6.4985
73.753	13803	-112.97	1259	0.19171	6.3139
74.078	13766	-113.43	1261	0.1922	6.1201
74.427	13726	-113.89	1263.1	0.19272	5.9136
74.808	13683	-114.34	1265.3	0.19327	5.6952
75.227	13635	-114.78	1267.7	0.19386	5.4651
75.69	13582	-115.21	1270.1	0.1945	5.2072
76.19	13524	-115.6	1272.7	0.19518	4.9333
76.69	13466	-115.93	1275.1	0.19583	4.6727
77.19	13408	-116.18	1277.3	0.19647	4.4145
77.69	13350	-116.38	1279.5	0.1971	4.1616
78.19	13292	-116.51	1281.5	0.1977	3.9052
78.69	13233	-116.59	1283.4	0.19829	3.6635
79.19	13175	-116.62	1285.2	0.19887	3.4393
79.69	13117	-116.6	1286.8	0.19943	3.2356
80.19	13058	-116.54	1288.4	0.19997	3.022
80.69	13000	-116.44	1289.9	0.2005	2.8188
81.19	12942	-116.3	1291.2	0.20101	2.6115
81.69	12884	-116.13	1292.5	0.20151	2.4202
82.19	12826	-115.93	1293.6	0.202	2.2284
82.69	12768	-115.7	1294.7	0.20247	2.0461
83.19	12710	-115.44	1295.7	0.20293	1.8786
83.69	12653	-115.16	1296.6	0.20338	1.7202
84.19	12595	-114.85	1297.4	0.20381	1.5687
84.69	12538	-114.53	1298.2	0.20424	1.4257
85.19	12480	-114.2	1298.8	0.20465	1.2802
85.69	12423	-113.84	1299.4	0.20504	1.1353
86.19	12367	-113.47	1300	0.20543	1.0083
86.69	12310	-113.09	1300.5	0.20581	0.87995
87.19	12254	-112.7	1300.9	0.20618	0.74339
87.69	12197	-112.29	1301.2	0.20654	0.6093
88.19	12141	-111.88	1301.5	0.20689	0.5057
88.69	12085	-111.46	1301.7	0.20723	0.40906
89.19	12030	-111.03	1301.9	0.20756	0.31292
89.69	11974	-110.6	1302	0.20788	0.21367
90.19	11919	-110.17	1302.1	0.20819	0.11013
90.69	11864	-109.73	1302.1	0.20849	0.017872
91.19	11809	-109.28	1302.1	0.20879	0.095431
91.69	11755	-108.83	1302	0.20908	0.19294
92.19	11701	-108.38	1301.9	0.20937	0.2892
92.69	11647	-107.93	1301.7	0.20965	0.37414
93.19	11593	-107.48	1301.5	0.20992	0.45064
93.69	11539	-107.03	1301.3	0.21019	0.53018
94.19	11486	-106.58	1301	0.21045	0.59877
94.69	11433	-106.13	1300.7	0.21071	0.66622
95.19	11380	-105.68	1300.3	0.21096	0.73512
95.69	11327	-105.23	1300	0.21121	0.81245
96.19	11274	-104.78	1299.5	0.21145	0.84905
96.69	11222	-104.33	1299.1	0.21168	0.88951
97.19	11170	-103.88	1298.7	0.21191	0.9511
97.69	11118	-103.44	1298.2	0.21214	1.013
98.19	11067	-103	1297.6	0.21236	1.0608
98.69	11015	-102.56	1297.1	0.21258	1.0934
99.19	10964	-102.13	1296.5	0.21279	1.1221
99.69	10913	-101.7	1296	0.21299	1.1669
100.19	10862	-101.28	1295.4	0.2132	1.2002
100.69	10812	-100.87	1294.8	0.2134	1.2522
101.19	10761	-100.47	1294.1	0.2136	1.2914
101.69	10711	-100.08	1293.5	0.21379	1.3177
102.19	10661	-99.697	1292.8	0.21398	1.3568
102.69	10612	-99.321	1292.1	0.21417	1.3932
103.19	10562	-98.953	1291.4	0.21436	1.4198
103.69	10513	-98.591	1290.7	0.21454	1.4546
104.19	10463	-98.237	1290	0.21472	1.4868
104.69	10414	-97.887	1289.2	0.2149	1.515
105.19	10366	-97.542	1288.5	0.21508	1.548
105.69	10317	-97.201	1287.7	0.21525	1.5511
106.19	10268	-96.865	1286.9	0.21542	1.5769
106.69	10220	-96.532	1286.1	0.21559	1.6016
107.19	10172	-96.205	1285.3	0.21576	1.6255
107.69	10124	-95.881	1284.5	0.21593	1.6424
108.19	10076	-95.563	1283.7	0.21609	1.6572
108.69	10028	-95.249	1282.8	0.21626	1.6639
109.19	9980.7	-94.939	1282	0.21642	1.6725
109.69	9933.3	-94.632	1281.1	0.21658	1.7026
110.19	9886	-94.328	1280.3	0.21674	1.7241
110.69	9839	-94.027	1279.4	0.21689	1.7341
111.19	9792	-93.728	1278.6	0.21705	1.7573
111.69	9745.2	-93.431	1277.7	0.21721	1.795
112.19	9698.6	-93.138	1276.8	0.21736	1.8175
112.69	9652.1	-92.848	1275.8	0.21752	1.8326
113.19	9605.7	-92.561	1274.9	0.21768	1.8333
113.69	9559.5	-92.277	1274	0.21783	1.8345
114.19	9513.5	-91.997	1273.1	0.21798	1.8282
114.69	9467.5	-91.72	1272.2	0.21813	1.8073
115.19	9421.7	-91.444	1271.3	0.21828	1.7953
115.69	9376.1	-91.17	1270.4	0.21842	1.7951
116.19	9330.6	-90.898	1269.5	0.21857	1.8035
116.69	9285.2	-90.628	1268.6	0.21871	1.8305
117.19	9239.9	-90.36	1267.7	0.21885	1.8425
117.69	9194.8	-90.094	1266.7	0.219	1.8346
118.19	9149.8	-89.83	1265.8	0.21914	1.8469
118.69	9105	-89.569	1264.9	0.21928	1.8682
119.19	9060.3	-89.311	1264	0.21942	1.8752
119.69	9015.7	-89.056	1263	0.21957	1.8846
120.19	8971.2	-88.803	1262.1	0.21971	1.8809
120.69	8926.9	-88.551	1261.1	0.21985	1.895
121.19	8882.7	-88.301	1260.2	0.21999	1.9016
121.69	8838.6	-88.052	1259.2	0.22014	1.908
122.19	8794.6	-87.804	1258.3	0.22028	1.9163
122.69	8750.8	-87.558	1257.3	0.22042	1.9065
123.19	8707.1	-87.314	1256.4	0.22056	1.9159
123.69	8663.5	-87.072	1255.4	0.2207	1.9294
124.19	8620	-86.832	1254.4	0.22084	1.9442
124.69	8576.6	-86.594	1253.5	0.22099	1.9518
125.19	8533.4	-86.359	1252.5	0.22113	1.9556
125.69	8490.3	-86.126	1251.5	0.22127	1.9647
126.19	8447.3	-85.895	1250.5	0.22142	1.9765
126.69	8404.4	-85.664	1249.5	0.22156	1.9968
127.19	8361.6	-85.434	1248.5	0.22171	2.0089
127.69	8318.9	-85.206	1247.5	0.22186	2.037
128.19	8276.4	-84.979	1246.5	0.222	2.0391
128.69	8234	-84.753	1245.5	0.22215	2.0379
129.19	8191.6	-84.529	1244.5	0.2223	2.0401
129.69	8149.4	-84.307	1243.4	0.22245	2.0446
130.19	8107.3	-84.087	1242.4	0.2226	2.0395
130.69	8065.3	-83.868	1241.4	0.22275	2.0161
131.19	8023.5	-83.652	1240.4	0.22289	2.0179
131.69	7981.7	-83.438	1239.4	0.22304	2.0005
132.19	7940	-83.225	1238.4	0.22318	1.9972
132.69	7898.5	-83.012	1237.4	0.22333	1.9955
133.19	7857	-82.801	1236.4	0.22347	1.9978
133.69	7815.7	-82.59	1235.4	0.22362	2.0037
134.19	7774.4	-82.381	1234.4	0.22376	2.0063
134.69	7733.3	-82.173	1233.4	0.22391	2.0094
135.19	7692.3	-81.966	1232.4	0.22405	2.0198
135.69	7651.3	-81.761	1231.4	0.2242	2.0064
136.19	7610.5	-81.557	1230.4	0.22434	1.99
136.69	7569.8	-81.355	1229.4	0.22449	1.979
137.19	7529.1	-81.155	1228.4	0.22463	1.9524
137.69	7488.6	-80.957	1227.4	0.22477	1.9346
138.19	7448.2	-80.761	1226.5	0.22491	1.9485
138.69	7407.8	-80.564	1225.5	0.22505	1.9706
139.19	7367.6	-80.369	1224.5	0.2252	1.9585
139.69	7327.5	-80.174	1223.5	0.22534	1.9329
140.19	7287.4	-79.98	1222.6	0.22548	1.9198
140.69	7247.5	-79.787	1221.6	0.22562	1.932
141.19	7207.7	-79.595	1220.6	0.22576	1.9472
141.69	7167.9	-79.405	1219.6	0.2259	1.9559
142.19	7128.2	-79.216	1218.7	0.22605	1.9697
142.69	7088.7	-79.029	1217.7	0.22619	1.9908
143.19	7049.2	-78.843	1216.7	0.22634	1.992
143.69	7009.8	-78.659	1215.7	0.22649	1.9792
144.19	6970.6	-78.477	1214.7	0.22664	1.9706
144.69	6931.4	-78.295	1213.7	0.22678	1.9594
145.19	6892.3	-78.113	1212.7	0.22693	1.9675
145.69	6853.3	-77.932	1211.8	0.22708	1.9647
146.19	6814.3	-77.752	1210.8	0.22722	1.9622
146.69	6775.5	-77.573	1209.8	0.22737	1.9617
147.19	6736.8	-77.394	1208.8	0.22752	1.9694
147.69	6698.1	-77.217	1207.8	0.22766	1.9892
148.19	6659.5	-77.041	1206.8	0.22782	1.9964
148.69	6621.1	-76.866	1205.8	0.22797	1.9971
149.19	6582.7	-76.693	1204.8	0.22812	1.9831
149.69	6544.4	-76.521	1203.8	0.22827	1.9783
150.19	6506.2	-76.351	1202.9	0.22842	1.9726
150.69	6468	-76.182	1201.9	0.22857	1.9538
151.19	6430	-76.014	1200.9	0.22872	1.9521
151.69	6392	-75.845	1199.9	0.22886	1.9558
152.19	6354.1	-75.678	1198.9	0.22901	1.9575
152.69	6316.3	-75.51	1198	0.22916	1.9816
153.19	6278.6	-75.344	1197	0.22932	1.9898
153.69	6241	-75.178	1196	0.22947	1.984
154.19	6203.4	-75.014	1195	0.22962	1.9631
154.69	6166	-74.85	1194	0.22977	1.954
155.19	6128.6	-74.688	1193	0.22993	1.9498
155.69	6091.3	-74.527	1192	0.23008	1.9522
156.19	6054.1	-74.367	1191.1	0.23023	1.9337
156.69	6016.9	-74.209	1190.1	0.23038	1.9262
157.19	5979.8	-74.052	1189.1	0.23053	1.926
157.69	5942.9	-73.896	1188.2	0.23068	1.9106
158.19	5906	-73.739	1187.2	0.23083	1.9173
158.69	5869.1	-73.583	1186.3	0.23098	1.9272
159.19	5832.4	-73.428	1185.3	0.23113	1.9267
159.69	5795.7	-73.273	1184.3	0.23128	1.9255
160.19	5759.1	-73.119	1183.4	0.23143	1.9361
160.69	5722.6	-72.965	1182.4	0.23158	1.9361
161.19	5686.1	-72.813	1181.4	0.23174	1.9456
161.69	5649.8	-72.661	1180.5	0.23189	1.9354
162.19	5613.5	-72.511	1179.5	0.23205	1.9284
162.69	5577.2	-72.362	1178.5	0.2322	1.9411
163.19	5541.1	-72.214	1177.6	0.23236	1.9625
163.69	5505	-72.067	1176.6	0.23252	1.9593
164.19	5469	-71.922	1175.6	0.23267	1.9624
164.69	5433.1	-71.776	1174.6	0.23283	1.9532
165.19	5397.3	-71.631	1173.6	0.23299	1.9523
165.69	5361.5	-71.486	1172.7	0.23315	1.9463
166.19	5325.8	-71.342	1171.7	0.2333	1.9497
166.69	5290.1	-71.197	1170.7	0.23346	1.9247
167.19	5254.6	-71.054	1169.8	0.23362	1.9305
167.69	5219.1	-70.912	1168.8	0.23378	1.9278
168.19	5183.7	-70.77	1167.8	0.23393	1.916
168.69	5148.3	-70.629	1166.9	0.23409	1.925
169.19	5113	-70.489	1165.9	0.23425	1.9147
169.69	5077.8	-70.351	1165	0.2344	1.9289
170.19	5042.7	-70.213	1164	0.23456	1.9312
170.69	5007.6	-70.076	1163	0.23472	1.924
171.19	4972.6	-69.941	1162.1	0.23488	1.9645
171.69	4937.7	-69.806	1161.1	0.23505	1.9609
172.19	4902.8	-69.67	1160.1	0.23521	1.9632
172.69	4868	-69.535	1159.1	0.23537	1.9609
173.19	4833.3	-69.4	1158.1	0.23554	1.9442
173.69	4798.6	-69.266	1157.2	0.2357	1.9574
174.19	4764	-69.132	1156.2	0.23586	1.9304
174.69	4729.5	-68.999	1155.2	0.23603	1.9036
175.19	4695	-68.867	1154.3	0.23618	1.8937
175.69	4660.6	-68.736	1153.3	0.23634	1.8855
176.19	4626.3	-68.605	1152.4	0.2365	1.8652
176.69	4592	-68.476	1151.5	0.23666	1.895
177.19	4557.8	-68.347	1150.5	0.23682	1.8938
177.69	4523.6	-68.219	1149.6	0.23698	1.8885
178.19	4489.6	-68.093	1148.6	0.23714	1.904
178.69	4455.6	-67.967	1147.7	0.2373	1.9137
179.19	4421.6	-67.841	1146.7	0.23747	1.9244
179.69	4387.7	-67.714	1145.7	0.23763	1.9149
180.19	4353.9	-67.589	1144.8	0.2378	1.9123
180.69	4320.1	-67.463	1143.8	0.23796	1.906
181.19	4286.4	-67.338	1142.9	0.23812	1.882
181.69	4252.8	-67.214	1142	0.23829	1.8661
182.19	4219.2	-67.09	1141	0.23845	1.8721
182.69	4185.7	-66.967	1140.1	0.23861	1.8808
183.19	4152.2	-66.844	1139.1	0.23877	1.9044
183.69	4118.9	-66.723	1138.2	0.23894	1.9204
184.19	4085.5	-66.602	1137.2	0.23911	1.9457
184.69	4052.2	-66.482	1136.2	0.23928	1.9604
185.19	4019	-66.363	1135.2	0.23945	1.9682
185.69	3985.9	-66.245	1134.3	0.23963	1.9569
186.19	3952.8	-66.128	1133.3	0.2398	1.9833
186.69	3919.8	-66.01	1132.3	0.23998	1.9996
187.19	3886.8	-65.892	1131.3	0.24016	2.0063
187.69	3853.9	-65.775	1130.3	0.24034	2.0124
188.19	3821	-65.658	1129.3	0.24052	2.0172
188.69	3788.2	-65.541	1128.3	0.2407	1.9956
189.19	3755.5	-65.425	1127.3	0.24087	1.9722
189.69	3722.8	-65.309	1126.3	0.24105	1.9526
190.19	3690.2	-65.194	1125.3	0.24123	1.9464
190.69	3657.6	-65.08	1124.4	0.2414	1.9208
191.19	3625.1	-64.966	1123.4	0.24157	1.9534
191.69	3592.6	-64.853	1122.4	0.24175	1.9788
192.19	3560.2	-64.741	1121.4	0.24193	1.9983
192.69	3527.9	-64.63	1120.4	0.24211	2.0087
193.19	3495.6	-64.52	1119.4	0.2423	2.0083
193.69	3463.4	-64.41	1118.4	0.24248	2.0124
194.19	3431.2	-64.3	1117.4	0.24266	2.018
194.69	3399.1	-64.19	1116.4	0.24285	2.0231
195.19	3367	-64.08	1115.4	0.24304	2.0437
195.69	3335	-63.97	1114.3	0.24323	2.0595
196.19	3303	-63.861	1113.3	0.24342	2.0491
196.69	3271.1	-63.752	1112.3	0.24361	2.0419
197.19	3239.3	-63.644	1111.3	0.2438	2.0556
197.69	3207.5	-63.536	1110.2	0.24399	2.0839
198.19	3175.7	-63.429	1109.2	0.24418	2.1101
198.69	3144	-63.322	1108.1	0.24438	2.1203
199.19	3112.4	-63.216	1107.1	0.24458	2.1329
199.69	3080.8	-63.111	1106	0.24478	2.1123
200.19	3049.3	-63.007	1104.9	0.24498	2.107
200.69	3017.8	-62.903	1103.9	0.24518	2.0902
201.19	2986.4	-62.8	1102.9	0.24538	2.0757
201.69	2955	-62.697	1101.8	0.24557	2.0931
202.19	2923.7	-62.595	1100.8	0.24577	2.0881
202.69	2892.4	-62.492	1099.7	0.24597	2.0747
203.19	2861.2	-62.389	1098.7	0.24616	2.0678
203.69	2830	-62.287	1097.7	0.24636	2.0633
204.19	2798.9	-62.184	1096.6	0.24656	2.0863
204.69	2767.9	-62.082	1095.6	0.24676	2.0955
205.19	2736.8	-61.981	1094.5	0.24696	2.1164
205.69	2705.9	-61.88	1093.5	0.24716	2.1011
206.19	2675	-61.78	1092.4	0.24737	2.1151
206.69	2644.1	-61.68	1091.4	0.24757	2.1262
207.19	2613.3	-61.581	1090.3	0.24778	2.1068
207.69	2582.5	-61.483	1089.3	0.24798	2.0686
208.19	2551.8	-61.385	1088.2	0.24818	2.056
208.69	2521.1	-61.288	1087.2	0.24838	2.0724
209.19	2490.5	-61.191	1086.2	0.24858	2.0748
209.69	2459.9	-61.095	1085.1	0.24878	2.0617
210.19	2429.4	-60.999	1084.1	0.24898	2.0496
210.69	2398.9	-60.903	1083.1	0.24918	2.0305
211.19	2368.5	-60.807	1082.1	0.24938	2.0166
211.69	2338.1	-60.71	1081	0.24958	2.0231
212.19	2307.8	-60.615	1080	0.24978	2.0244
212.69	2277.5	-60.519	1079	0.24997	1.9875
213.19	2247.3	-60.424	1078	0.25017	1.9484
213.69	2217.1	-60.329	1077.1	0.25036	1.9438
214.19	2186.9	-60.235	1076.1	0.25055	1.9184
214.69	2156.9	-60.142	1075.1	0.25074	1.9216
215.19	2126.8	-60.049	1074.2	0.25093	1.9079
215.69	2096.8	-59.956	1073.2	0.25112	1.9073
216.19	2066.9	-59.864	1072.3	0.25131	1.9122
216.69	2036.9	-59.773	1071.3	0.2515	1.9176
217.19	2007.1	-59.682	1070.4	0.25169	1.9396
217.69	1977.3	-59.592	1069.4	0.25189	1.9535
218.19	1947.5	-59.502	1068.4	0.25208	1.9377
218.69	1917.8	-59.412	1067.4	0.25228	1.9357
219.19	1888.1	-59.322	1066.5	0.25247	1.9247
219.69	1858.4	-59.232	1065.5	0.25267	1.9149
220.19	1828.8	-59.142	1064.6	0.25286	1.9089
220.69	1799.3	-59.052	1063.6	0.25306	1.9217
221.19	1769.8	-58.962	1062.6	0.25325	1.935
221.69	1740.3	-58.873	1061.7	0.25345	1.9574
222.19	1710.9	-58.785	1060.7	0.25365	1.9712
222.69	1681.5	-58.697	1059.7	0.25386	1.9581
223.19	1652.2	-58.609	1058.7	0.25406	1.938
223.69	1622.9	-58.522	1057.8	0.25425	1.8988
224.19	1593.7	-58.435	1056.8	0.25445	1.897
224.69	1564.5	-58.349	1055.9	0.25465	1.8994
225.19	1535.3	-58.264	1054.9	0.25484	1.9096
225.69	1506.2	-58.179	1054	0.25504	1.9064
# Event RECOVERY_DEVICE_DEPLOYMENT occurred at t=225.69 seconds					
226.19	1477.2	-58.094	1053	0.25524	1.9185
226.19	1477.1	-57.594	1053	0.25524	1.918
226.19	1477	-57.094	1053	0.25524	1.9175
226.19	1476.9	-56.594	1053	0.25524	1.917
226.2	1476.8	-56.094	1053	0.25524	1.9165
226.2	1476.8	-55.594	1053	0.25524	1.916
226.2	1476.7	-55.094	1053	0.25525	1.9155
226.2	1476.6	-54.594	1053	0.25525	1.915
226.2	1476.5	-54.094	1053	0.25525	1.9146
226.2	1476.4	-53.594	1053	0.25525	1.9141
226.21	1476.3	-53.094	1053	0.25525	1.9137
226.21	1476.2	-52.594	1053	0.25525	1.9133
226.21	1476.2	-52.094	1053	0.25525	1.9129
226.21	1476.1	-51.594	1053	0.25525	1.9125
226.21	1476	-51.094	1053	0.25525	1.9121
226.21	1475.9	-50.594	1053	0.25525	1.9118
226.22	1475.8	-50.094	1053	0.25525	1.9114
226.22	1475.7	-49.594	1053	0.25525	1.9111
226.22	1475.6	-49.094	1053	0.25525	1.9108
226.22	1475.5	-48.594	1053	0.25525	1.9105
226.22	1475.4	-48.094	1052.9	0.25526	1.9102
226.23	1475.3	-47.594	1052.9	0.25526	1.91
226.23	1475.2	-47.094	1052.9	0.25526	1.9097
226.23	1475.1	-46.594	1052.9	0.25526	1.9095
226.23	1475	-46.094	1052.9	0.25526	1.9093
226.23	1474.9	-45.594	1052.9	0.25526	1.9092
226.24	1474.8	-45.094	1052.9	0.25526	1.909
226.24	1474.7	-44.594	1052.9	0.25526	1.9089
226.24	1474.6	-44.094	1052.9	0.25526	1.9087
226.24	1474.5	-43.594	1052.9	0.25526	1.9087
226.25	1474.4	-43.094	1052.9	0.25526	1.9086
226.25	1474.3	-42.594	1052.9	0.25527	1.9086
226.25	1474.1	-42.094	1052.9	0.25527	1.9085
226.25	1474	-41.594	1052.9	0.25527	1.9086
226.26	1473.9	-41.094	1052.9	0.25527	1.9087
226.26	1473.8	-40.594	1052.9	0.25527	1.9089
226.26	1473.7	-40.094	1052.9	0.25527	1.9091
226.27	1473.6	-39.594	1052.9	0.25527	1.9094
226.27	1473.4	-39.094	1052.9	0.25527	1.9098
226.27	1473.3	-38.594	1052.9	0.25528	1.9103
226.28	1473.2	-38.094	1052.9	0.25528	1.9108
226.28	1473.1	-37.594	1052.8	0.25528	1.9115
226.28	1472.9	-37.094	1052.8	0.25528	1.9122
226.29	1472.8	-36.594	1052.8	0.25528	1.913
226.29	1472.7	-36.094	1052.8	0.25528	1.914
226.29	1472.5	-35.594	1052.8	0.25528	1.915
226.3	1472.4	-35.094	1052.8	0.25529	1.9161
226.3	1472.3	-34.594	1052.8	0.25529	1.9174
226.31	1472.1	-34.094	1052.8	0.25529	1.9187
226.31	1472	-33.594	1052.8	0.25529	1.9199
226.31	1471.8	-33.094	1052.8	0.25529	1.9211
226.32	1471.7	-32.594	1052.8	0.2553	1.9223
226.32	1471.5	-32.094	1052.8	0.2553	1.9234
226.33	1471.4	-31.594	1052.7	0.2553	1.9244
226.33	1471.2	-31.094	1052.7	0.2553	1.9254
226.34	1471	-30.594	1052.7	0.2553	1.9263
226.34	1470.9	-30.094	1052.7	0.25531	1.9272
226.35	1470.7	-29.594	1052.7	0.25531	1.9279
226.36	1470.5	-29.094	1052.7	0.25531	1.9286
226.36	1470.4	-28.594	1052.7	0.25531	1.9293
226.37	1470.2	-28.094	1052.7	0.25532	1.9298
226.37	1470	-27.594	1052.7	0.25532	1.9303
226.38	1469.8	-27.094	1052.6	0.25532	1.9307
226.39	1469.6	-26.594	1052.6	0.25533	1.9311
226.4	1469.4	-26.094	1052.6	0.25533	1.9313
226.4	1469.2	-25.594	1052.6	0.25533	1.9314
226.41	1469	-25.094	1052.6	0.25534	1.9314
226.42	1468.8	-24.594	1052.6	0.25534	1.9312
226.43	1468.6	-24.094	1052.6	0.25534	1.9307
226.44	1468.4	-23.594	1052.5	0.25535	1.9299
226.45	1468.2	-23.094	1052.5	0.25535	1.9288
226.46	1467.9	-22.594	1052.5	0.25536	1.9273
226.47	1467.7	-22.094	1052.5	0.25536	1.926
226.48	1467.4	-21.594	1052.5	0.25537	1.9251
226.49	1467.2	-21.094	1052.4	0.25537	1.9246
226.51	1466.9	-20.594	1052.4	0.25538	1.9245
226.52	1466.6	-20.094	1052.4	0.25538	1.9245
226.53	1466.3	-19.594	1052.4	0.25539	1.924
226.55	1466	-19.094	1052.3	0.2554	1.923
226.57	1465.7	-18.594	1052.3	0.2554	1.9213
226.58	1465.4	-18.094	1052.3	0.25541	1.9204
226.6	1465.1	-17.594	1052.2	0.25542	1.9205
226.62	1464.7	-17.094	1052.2	0.25543	1.9216
226.65	1464.3	-16.594	1052.1	0.25544	1.9231
226.67	1463.9	-16.094	1052.1	0.25545	1.9249
226.7	1463.5	-15.594	1052	0.25546	1.9269
226.73	1463	-15.094	1052	0.25548	1.929
226.76	1462.5	-14.594	1051.9	0.25549	1.9311
226.8	1462	-14.094	1051.8	0.25551	1.9346
226.84	1461.4	-13.594	1051.8	0.25553	1.9435
226.89	1460.8	-13.094	1051.7	0.25555	1.9421
226.94	1460.1	-12.594	1051.6	0.25557	1.9371
227.01	1459.3	-12.094	1051.4	0.25561	1.9313
227.09	1458.3	-11.595	1051.3	0.25564	1.9235
227.19	1457.2	-11.095	1051.1	0.25569	1.9304
227.33	1455.7	-10.595	1050.8	0.25575	1.9407
227.53	1453.6	-10.095	1050.4	0.25584	1.9561
227.89	1450	-9.5955	1049.7	0.25601	1.9314
228.39	1445.2	-9.4501	1048.7	0.25624	1.9528
228.89	1440.5	-9.4542	1047.8	0.25648	1.962
229.39	1435.8	-9.4514	1046.8	0.25671	1.914
229.89	1431.1	-9.4494	1045.8	0.25694	1.9261
230.39	1426.3	-9.4467	1044.9	0.25718	1.9946
230.89	1421.6	-9.4435	1043.9	0.25741	1.8756
231.39	1416.9	-9.4427	1043	0.25763	1.8604
231.89	1412.2	-9.4391	1042.1	0.25785	1.7455
232.39	1407.5	-9.4356	1041.1	0.25807	1.9058
232.89	1402.7	-9.4317	1040.1	0.25832	2.1112
233.39	1398	-9.432	1039.1	0.25857	1.9756
233.89	1393.3	-9.4279	1038.2	0.2588	1.786
234.39	1388.6	-9.4285	1037.3	0.25901	1.6951
234.89	1383.9	-9.4247	1036.4	0.25922	1.8443
235.39	1379.2	-9.418	1035.4	0.25947	2.104
235.89	1374.5	-9.4228	1034.4	0.25972	2.0961
236.39	1369.8	-9.4201	1033.3	0.25998	2.0572
236.89	1365	-9.4179	1032.3	0.26023	2.0173
237.39	1360.3	-9.4149	1031.3	0.26048	2.114
237.89	1355.6	-9.4133	1030.3	0.26074	2.0524
238.39	1350.9	-9.4086	1029.3	0.26099	1.8863
238.89	1346.2	-9.4053	1028.3	0.26123	2.0839
239.39	1341.5	-9.4066	1027.2	0.2615	2.1594
239.89	1336.8	-9.4025	1026.2	0.26176	2.0087
240.39	1332.1	-9.4026	1025.2	0.26201	1.9882
240.89	1327.4	-9.4004	1024.2	0.26226	1.9939
241.39	1322.7	-9.392	1023.1	0.26252	2.2404
241.89	1318	-9.396	1022	0.2628	2.1902
242.39	1313.3	-9.3925	1020.9	0.26307	2.0777
242.89	1308.6	-9.3916	1019.9	0.26333	2.0647
243.39	1303.9	-9.3878	1018.8	0.2636	2.1904
243.89	1299.2	-9.3865	1017.8	0.26387	2.1013
244.39	1294.5	-9.3843	1016.7	0.26414	2.1835
244.89	1289.9	-9.3828	1015.6	0.26442	2.2136
245.39	1285.2	-9.38	1014.5	0.2647	2.1337
245.89	1280.5	-9.3762	1013.5	0.26496	1.9819
246.39	1275.8	-9.3761	1012.5	0.26521	1.9231
246.89	1271.1	-9.372	1011.6	0.26545	1.776
247.39	1266.4	-9.3701	1010.7	0.26569	1.9147
247.89	1261.7	-9.3686	1009.7	0.26593	1.8009
248.39	1257	-9.3676	1008.8	0.26616	1.8274
248.89	1252.4	-9.364	1007.9	0.26639	1.7059
249.39	1247.7	-9.363	1007.1	0.26661	1.7643
249.89	1243	-9.3561	1006.1	0.26685	1.986
250.39	1238.3	-9.3591	1005.1	0.26712	2.0261
250.89	1233.6	-9.3562	1004.1	0.26739	2.1056
251.39	1229	-9.3538	1003.1	0.26765	2.0109
251.89	1224.3	-9.3522	1002.1	0.26791	1.9458
252.39	1219.6	-9.3498	1001.1	0.26816	1.8689
252.89	1214.9	-9.3477	1000.2	0.26841	1.943
253.39	1210.3	-9.3437	999.17	0.26868	2.0974
253.89	1205.6	-9.344	998.13	0.26895	2.0768
254.39	1200.9	-9.3402	997.12	0.26922	1.9491
254.89	1196.2	-9.3395	996.13	0.26948	2.0015
255.39	1191.6	-9.3376	995.13	0.26975	2.0049
255.89	1186.9	-9.3345	994.15	0.27001	1.9096
256.39	1182.2	-9.333	993.18	0.27026	1.9688
256.89	1177.6	-9.331	992.19	0.27053	2.008
257.39	1172.9	-9.3291	991.19	0.2708	1.9934
257.89	1168.3	-9.3264	990.17	0.27107	2.0697
258.39	1163.6	-9.3247	989.15	0.27134	2.0278
258.89	1158.9	-9.3226	988.13	0.27162	2.0622
259.39	1154.3	-9.32	987.08	0.2719	2.1382
259.89	1149.6	-9.318	986.03	0.27219	2.0635
260.39	1144.9	-9.3146	985.03	0.27246	1.9291
260.89	1140.3	-9.3137	984.04	0.27272	2.0098
261.39	1135.6	-9.3117	983.02	0.273	2.079
261.89	1131	-9.3091	982.01	0.27328	1.9796
262.39	1126.3	-9.3079	981.01	0.27355	2.0151
262.89	1121.7	-9.3039	980.03	0.27381	1.8739
263.39	1117	-9.3023	979.13	0.27406	1.7471
263.89	1112.4	-9.3017	978.25	0.2743	1.7842
264.39	1107.7	-9.2967	977.4	0.27454	1.6149
264.89	1103.1	-9.2934	976.54	0.27477	1.8211
265.39	1098.4	-9.2956	975.62	0.27503	1.8463
265.89	1093.8	-9.2893	974.65	0.2753	2.0469
266.39	1089.1	-9.2915	973.63	0.27558	2.0323
266.89	1084.5	-9.2883	972.64	0.27586	1.94
267.39	1079.8	-9.2871	971.67	0.27612	1.9086
267.89	1075.2	-9.2847	970.73	0.27638	1.8497
268.39	1070.6	-9.283	969.81	0.27664	1.8504
268.89	1065.9	-9.2791	968.85	0.27691	1.9842
269.39	1061.3	-9.2788	967.85	0.27719	2.0257
269.89	1056.6	-9.2747	966.87	0.27747	1.881
270.39	1052	-9.2748	965.94	0.27773	1.8553
270.89	1047.4	-9.2727	965	0.27799	1.8742
271.39	1042.7	-9.2694	964.09	0.27825	1.7629
271.89	1038.1	-9.2679	963.19	0.2785	1.8493
272.39	1033.5	-9.2663	962.28	0.27876	1.7986
272.89	1028.8	-9.2643	961.39	0.27901	1.7486
273.39	1024.2	-9.2619	960.5	0.27927	1.8199
273.89	1019.6	-9.2591	959.56	0.27954	1.9332
274.39	1014.9	-9.2541	958.54	0.27983	2.1397
274.89	1010.3	-9.2555	957.5	0.28013	2.0387
275.39	1005.7	-9.2543	956.48	0.28042	2.0294
275.89	1001.1	-9.2514	955.45	0.28072	2.1192
276.39	996.43	-9.25	954.4	0.28102	2.0697
276.89	991.81	-9.2475	953.35	0.28132	2.1427
277.39	987.19	-9.2458	952.27	0.28164	2.1719
277.89	982.56	-9.2426	951.21	0.28194	2.065
278.39	977.94	-9.2391	950.22	0.28223	1.9049
278.89	973.32	-9.2396	949.26	0.28251	1.9255
279.39	968.71	-9.2373	948.29	0.28279	1.9334
279.89	964.09	-9.2333	947.36	0.28307	1.799
280.39	959.47	-9.2309	946.42	0.28334	1.9471
280.89	954.86	-9.231	945.45	0.28363	1.9565
281.39	950.24	-9.2282	944.49	0.28391	1.8804
281.89	945.63	-9.2257	943.52	0.28419	1.9787
282.39	941.02	-9.2244	942.52	0.28449	2.0209
282.89	936.4	-9.221	941.48	0.2848	2.134
283.39	931.79	-9.2201	940.41	0.28512	2.1723
283.89	927.18	-9.2177	939.34	0.28544	2.1109
284.39	922.58	-9.2146	938.31	0.28574	1.9936
284.89	917.97	-9.2139	937.32	0.28604	1.9734
285.39	913.36	-9.2117	936.34	0.28633	1.9635
285.89	908.76	-9.2091	935.34	0.28663	2.0345
286.39	904.15	-9.2073	934.33	0.28694	1.987
286.89	899.55	-9.2046	933.36	0.28723	1.8989
287.39	894.95	-9.2033	932.41	0.28752	1.9085
287.89	890.35	-9.1994	931.49	0.28779	1.7744
288.39	885.75	-9.1992	930.6	0.28806	1.7546
288.89	881.15	-9.1938	929.68	0.28834	1.9322
289.39	876.55	-9.1951	928.71	0.28864	1.9478
289.89	871.96	-9.1918	927.76	0.28893	1.8512
290.39	867.36	-9.1902	926.86	0.2892	1.7758
290.89	862.77	-9.1886	925.97	0.28948	1.769
291.39	858.17	-9.1864	925.09	0.28974	1.7402
291.89	853.58	-9.1739	924.14	0.29004	2.0619
292.39	848.99	-9.1811	923.15	0.29035	1.9249
292.89	844.4	-9.1793	922.16	0.29065	2.0261
293.39	839.81	-9.1782	921.14	0.29096	2.0378
293.89	835.23	-9.1761	920.12	0.29128	2.0295
294.39	830.64	-9.1738	919.1	0.2916	2.0731
294.89	826.05	-9.1716	918.08	0.29192	2.0087
295.39	821.47	-9.1698	917.08	0.29223	1.9712
295.89	816.88	-9.1678	916.1	0.29254	1.9727
296.39	812.3	-9.1634	915.07	0.29286	2.1249
296.89	807.72	-9.1627	914.04	0.29318	2.0157
297.39	803.14	-9.1617	913.03	0.2935	2.0288
297.89	798.56	-9.1593	912.03	0.29382	1.9782
298.39	793.98	-9.1565	911.06	0.29412	1.8784
298.89	789.4	-9.1547	910.14	0.29441	1.7877
299.39	784.82	-9.1534	909.26	0.2947	1.7668
299.89	780.25	-9.1496	908.34	0.29499	1.8999
300.39	775.67	-9.1481	907.36	0.2953	2.0128
300.89	771.1	-9.1474	906.35	0.29562	2.0185
301.39	766.53	-9.1445	905.37	0.29594	1.933
301.89	761.95	-9.1426	904.38	0.29626	2.0145
302.39	757.38	-9.141	903.38	0.29658	1.9705
302.89	752.81	-9.1382	902.37	0.2969	2.0643
303.39	748.24	-9.1371	901.34	0.29724	2.0831
303.89	743.68	-9.1345	900.28	0.29758	2.1594
304.39	739.11	-9.1326	899.18	0.29794	2.2288
304.89	734.54	-9.1299	898.04	0.29831	2.3336
305.39	729.98	-9.1231	896.93	0.29867	2.0912
305.89	725.42	-9.1231	895.94	0.299	1.8854
306.39	720.86	-9.1238	895.03	0.29929	1.7654
306.89	716.3	-9.122	894.12	0.29959	1.8667
307.39	711.74	-9.12	893.16	0.29991	1.962
307.89	707.18	-9.1189	892.18	0.30023	1.9705
308.39	702.62	-9.1156	891.16	0.30057	2.0818
308.89	698.06	-9.1148	890.12	0.30092	2.1155
309.39	693.5	-9.1119	889.03	0.30128	2.2097
309.89	688.95	-9.1062	887.98	0.30163	1.9946
310.39	684.39	-9.1086	887	0.30195	1.9201
310.89	679.84	-9.105	886.01	0.30228	2.0569
311.39	675.29	-9.105	884.99	0.30263	2.0395
311.89	670.74	-9.1028	883.97	0.30297	2.0294
312.39	666.19	-9.1008	882.96	0.30331	2.0097
312.89	661.64	-9.0989	881.95	0.30365	2.0162
313.39	657.09	-9.0962	880.96	0.30398	1.9363
313.89	652.54	-9.0939	880.02	0.3043	1.8318
314.39	647.99	-9.093	879.1	0.30462	1.8463
314.89	643.45	-9.0904	878.16	0.30494	1.9183
315.39	638.9	-9.089	877.2	0.30526	1.9363
315.89	634.36	-9.0868	876.22	0.3056	1.9787
316.39	629.81	-9.085	875.23	0.30594	1.9809
316.89	625.27	-9.0815	874.21	0.30629	2.1013
317.39	620.73	-9.0809	873.17	0.30665	2.0485
317.89	616.19	-9.0783	872.17	0.30699	1.962
318.39	611.65	-9.0749	871.15	0.30735	2.1097
318.89	607.12	-9.0753	870.1	0.30771	2.0987
319.39	602.58	-9.0731	869.05	0.30808	2.1161
319.89	598.04	-9.0708	868	0.30844	2.053
320.39	593.51	-9.0658	867.02	0.30878	1.8672
320.89	588.98	-9.0676	866.09	0.30911	1.855
321.39	584.44	-9.065	865.18	0.30943	1.8008
321.89	579.91	-9.0594	864.23	0.30976	1.9989
322.39	575.38	-9.0613	863.25	0.31011	1.9309
322.89	570.85	-9.0593	862.29	0.31045	1.8847
323.39	566.32	-9.0571	861.37	0.31077	1.8151
323.89	561.8	-9.0527	860.42	0.31111	1.9858
324.39	557.27	-9.0529	859.45	0.31146	1.8855
324.89	552.74	-9.0513	858.49	0.3118	1.9557
325.39	548.22	-9.0467	857.47	0.31216	2.1303
325.89	543.7	-9.0456	856.36	0.31256	2.286
326.39	539.17	-9.0461	855.22	0.31297	2.2803
326.89	534.65	-9.0429	854.11	0.31337	2.1789
327.39	530.13	-9.0319	853.1	0.31374	1.8616
327.89	525.61	-9.041	852.17	0.31407	1.8617
328.39	521.09	-9.0348	851.19	0.31443	2.0424
328.89	516.58	-9.0361	850.19	0.31479	1.9726
329.39	512.06	-9.03	849.15	0.31517	2.1784
329.89	507.55	-9.0289	848.11	0.31555	1.9822
330.39	503.03	-9.0301	847.14	0.3159	1.8967
330.89	498.52	-9.0282	846.17	0.31626	1.9647
331.39	494	-9.0267	845.19	0.31662	1.9793
331.89	489.49	-9.021	844.24	0.31697	1.7916
332.39	484.98	-9.0229	843.35	0.3173	1.7754
332.89	480.47	-9.0204	842.46	0.31763	1.8055
333.39	475.96	-9.0168	841.52	0.31797	1.9364
333.89	471.45	-9.0165	840.54	0.31834	1.9747
334.39	466.94	-9.0144	839.56	0.3187	1.9437
334.89	462.44	-9.0116	838.62	0.31906	1.8524
335.39	457.93	-9.0104	837.68	0.31941	1.8882
335.89	453.43	-9.0084	836.73	0.31976	1.9083
336.39	448.92	-9.0064	835.77	0.32012	1.9205
336.89	444.42	-9.0031	834.84	0.32048	1.8075
337.39	439.92	-9.0006	833.97	0.3208	1.6707
337.89	435.42	-8.9994	833.11	0.32113	1.7782
338.39	430.92	-8.9978	832.2	0.32148	1.8636
338.89	426.42	-8.9907	831.21	0.32185	2.1009
339.39	421.93	-8.9938	830.19	0.32224	1.9955
339.89	417.43	-8.9911	829.22	0.32261	1.8803
340.39	412.94	-8.989	828.31	0.32296	1.7554
340.89	408.44	-8.988	827.41	0.32331	1.8309
341.39	403.95	-8.9861	826.48	0.32366	1.8906
341.89	399.46	-8.9817	825.49	0.32404	2.0563
342.39	394.96	-8.982	824.49	0.32443	1.9698
342.89	390.47	-8.9788	823.53	0.3248	1.8389
343.39	385.99	-8.978	822.6	0.32517	1.9186
343.89	381.5	-8.9742	821.6	0.32556	2.0721
344.39	377.01	-8.9748	820.56	0.32596	2.0867
344.89	372.52	-8.9721	819.5	0.32638	2.1552
345.39	368.04	-8.9706	818.41	0.3268	2.1833
345.89	363.55	-8.968	817.34	0.32722	2.1028
346.39	359.07	-8.9631	816.34	0.32762	1.9128
346.89	354.59	-8.9636	815.35	0.32801	2.0306
347.39	350.11	-8.9606	814.37	0.3284	1.8809
347.89	345.63	-8.961	813.43	0.32877	1.8821
348.39	341.15	-8.9538	812.44	0.32917	2.1046
348.89	336.67	-8.9573	811.39	0.32958	2.0867
349.39	332.19	-8.9547	810.34	0.33001	2.1261
349.89	327.72	-8.9504	809.31	0.33042	1.9666
350.39	323.24	-8.9513	808.33	0.33081	1.9587
350.89	318.77	-8.9481	807.33	0.33121	2.054
351.39	314.29	-8.9472	806.3	0.33163	2.0772
351.89	309.82	-8.9446	805.24	0.33206	2.1492
352.39	305.35	-8.9429	804.18	0.33249	2.0875
352.89	300.88	-8.9391	803.17	0.3329	1.9398
353.39	296.41	-8.9385	802.23	0.33329	1.8363
353.89	291.94	-8.9348	801.27	0.33368	1.9996
354.39	287.47	-8.9357	800.26	0.33409	2.0252
354.89	283	-8.9329	799.23	0.33452	2.1043
355.39	278.54	-8.9296	798.14	0.33496	2.2485
355.89	274.07	-8.9298	797.01	0.33543	2.2723
356.39	269.61	-8.9257	795.91	0.33589	2.1284
356.89	265.15	-8.9257	794.83	0.33634	2.1911
357.39	260.69	-8.9238	793.73	0.3368	2.2238
357.89	256.22	-8.922	792.62	0.33726	2.2228
358.39	251.76	-8.9136	791.57	0.3377	1.9702
358.89	247.31	-8.9177	790.56	0.33813	2.0768
359.39	242.85	-8.9163	789.52	0.33857	2.093
359.89	238.39	-8.9142	788.46	0.33901	2.1262
360.39	233.93	-8.9124	787.4	0.33946	2.109
360.89	229.48	-8.9088	786.31	0.33992	2.2413
361.39	225.02	-8.9072	785.23	0.34039	2.1145
361.89	220.57	-8.9051	784.2	0.34082	1.9833
362.39	216.12	-8.905	783.22	0.34125	1.9593
362.89	211.67	-8.9029	782.24	0.34166	1.9347
363.39	207.22	-8.901	781.27	0.34208	1.9645
363.89	202.77	-8.8991	780.29	0.3425	1.9419
364.39	198.32	-8.8963	779.34	0.34291	1.8435
364.89	193.87	-8.8898	778.36	0.34334	2.0785
365.39	189.42	-8.894	777.33	0.34379	2.053
365.89	184.98	-8.8913	776.29	0.34424	2.0994
366.39	180.53	-8.8893	775.26	0.34469	2.0315
366.89	176.09	-8.8862	774.28	0.34512	1.9008
367.39	171.65	-8.8829	773.37	0.34552	1.7234
367.89	167.21	-8.8837	772.49	0.34591	1.8046
368.39	162.76	-8.8822	771.59	0.3463	1.7815
368.89	158.32	-8.8803	770.7	0.3467	1.7735
369.39	153.88	-8.8777	769.84	0.34708	1.6863
369.89	149.45	-8.8756	768.97	0.34747	1.7896
370.39	145.01	-8.8695	768.02	0.34789	2.0185
370.89	140.57	-8.8731	767	0.34835	2.0684
371.39	136.14	-8.8675	766.01	0.34879	1.8833
371.89	131.7	-8.8694	765.06	0.34922	1.9162
372.39	127.27	-8.8664	764.08	0.34966	2.0071
372.89	122.84	-8.8654	763.07	0.35011	2.0284
373.39	118.41	-8.8591	762.11	0.35055	1.8193
373.89	113.98	-8.8508	761.11	0.351	2.154
374.39	109.55	-8.8598	760.06	0.35148	2.0455
374.89	105.12	-8.8573	759.06	0.35193	1.9636
375.39	100.69	-8.8561	758.07	0.35239	1.9898
375.89	96.266	-8.8537	757.06	0.35285	2.0667
376.39	91.84	-8.8499	756.07	0.35331	1.9067
376.89	87.415	-8.8507	755.1	0.35375	1.9488
377.39	82.991	-8.8457	754.17	0.35418	1.7756
377.89	78.568	-8.8466	753.26	0.3546	1.8572
378.39	74.145	-8.8449	752.32	0.35504	1.905
378.89	69.723	-8.8429	751.35	0.35549	1.9661
379.39	65.302	-8.8408	750.39	0.35594	1.8864
379.89	60.883	-8.8364	749.49	0.35636	1.7063
380.39	56.465	-8.8371	748.61	0.35677	1.807
380.89	52.046	-8.8354	747.69	0.3572	1.8851
381.39	47.629	-8.8334	746.73	0.35766	1.9698
381.89	43.213	-8.8322	745.75	0.35812	1.9354
382.39	38.797	-8.8302	744.77	0.35859	1.987
382.89	34.382	-8.8286	743.78	0.35906	1.9718
383.39	29.969	-8.8236	742.75	0.35955	2.1499
383.89	25.557	-8.8244	741.65	0.36007	2.2469
384.39	21.147	-8.8179	740.59	0.36058	2.0172
384.89	16.737	-8.8217	739.59	0.36106	1.9656
385.39	12.327	-8.8191	738.62	0.36153	1.9039
385.89	7.9176	-8.8176	737.66	0.36199	1.9437
386.39	3.5092	-8.8159	736.69	0.36246	1.9283
# Event GROUND_HIT occurred at t=386.89 seconds					
# Event SIMULATION_END occurred at t=386.89 seconds					
386.89	-0.89699	-8.809	735.67	0.36295	2.152
